P0110 0.195029914379 1800.7 750.0 1820.8 752.6 1786.8 973.4 1766.7 970.8
P0143 0.216057524085 628.8 249.8 628.8 272.0 594.8 272.0 594.8 249.8
P0262 0.201802387834 158.7 489.3 299.3 961.4 261.2 970.4 120.6 498.2
P0300 0.275388419628 1342.4 -3.6 1397.4 8.0 1350.0 219.6 1295.0 208.0
P0764 0.22787848115 719.4 575.2 745.2 612.8 586.4 729.4 560.6 691.8
P0864 0.285940885544 310.4 240.7 338.7 242.9 333.3 339.1 305.0 336.9
P0864 0.190961658955 2417.7 607.0 2424.4 614.5 2369.3 667.9 2362.5 660.4
P0936 0.314958840609 1838.6 424.0 1902.2 437.2 1770.4 1151.0 1706.6 1137.8
P0936 0.283445388079 1873.4 415.4 1927.2 422.9 1898.8 604.3 1845.0 596.8
P1184 0.352532148361 2244.9 4864.4 2304.5 4888.7 2299.3 4899.9 2239.7 4875.5
P1210 0.299283623695 720.6 648.7 726.6 664.7 682.5 682.5 676.5 666.5
P1219 0.210529744625 383.4 691.8 403.4 713.6 392.6 725.4 372.6 703.6
P1225 0.522275567055 174.8 994.2 234.4 1006.8 168.4 1317.6 108.6 1304.8
P1225 0.467731326818 2701.9 3324.3 2713.4 3343.7 2700.8 3351.2 2689.3 3331.8
P1225 0.420893579721 503.3 3806.9 510.4 3815.0 494.2 3828.1 487.1 3820.0
P1225 0.384712010622 603.8 2431.7 615.6 2446.5 599.0 2459.2 587.3 2444.5
P1225 0.366662919521 252.6 928.0 278.8 933.2 220.8 1191.8 194.6 1186.6
P1225 0.313284605742 934.2 841.0 958.2 846.2 945.0 927.4 921.0 922.2
P1225 0.261669933796 286.9 622.8 345.4 645.5 301.5 757.5 243.0 734.8
P1225 0.248493120074 699.2 3272.0 721.8 3298.8 700.4 3325.6 677.8 3298.8
P1225 0.241105780005 3708.7 3840.5 3715.0 3845.3 3704.5 3858.0 3698.2 3853.2
P1225 0.225861787796 581.2 1415.6 581.2 1444.0 563.8 1444.0 563.8 1415.6
P1225 0.210879087448 2583.6 3265.2 2603.2 3296.9 2588.7 3305.8 2569.2 3274.1
P1225 0.208697989583 490.4 3389.2 530.0 3404.6 522.6 3422.9 483.0 3407.5
P1225 0.195221439004 3062.5 1963.4 3082.4 1971.3 3076.8 1983.8 3056.9 1975.9
P1225 0.181341588497 2642.0 197.4 2708.8 261.0 2693.2 276.6 2626.4 212.8
P1225 0.180829659104 3155.4 3140.8 3164.4 3155.6 3141.6 3169.8 3132.6 3154.8
P1230 0.588390469551 1273.6 3586.0 1282.2 3599.8 1247.0 3621.4 1238.4 3607.6
P1230 0.58492654562 2737.6 2251.6 2742.4 2273.4 2551.6 2315.4 2546.8 2293.6
P1230 0.567315101624 282.4 2611.9 285.0 2631.1 138.1 2657.1 135.5 2638.0
P1230 0.46188390255 3841.5 3874.5 3866.7 3933.8 3834.4 3945.8 3809.1 3886.5
P1230 0.429161638021 1680.6 3919.4 1697.8 3943.6 1672.6 3957.8 1655.4 3933.6
P1230 0.407845854759 1497.6 3444.0 1514.4 3463.6 1500.2 3476.2 1483.6 3456.6
P1230 0.391511470079 1220.8 3542.5 1224.7 3549.6 1208.7 3557.3 1204.8 3550.2
P1230 0.388659805059 2814.7 1359.0 2822.6 1380.5 2765.2 1404.8 2757.3 1383.3
P1230 0.387230485678 3663.2 3359.6 3677.0 3386.4 3640.4 3402.8 3626.4 3376.0
P1230 0.375068962574 1101.0 3852.8 1106.8 3876.0 1086.0 3881.2 1080.0 3858.0
P1230 0.367345839739 3309.2 2099.0 3316.0 2115.2 3270.4 2136.1 3263.6 2120.0
P1230 0.364892154932 3753.3 1713.6 3765.3 1726.1 3738.4 1754.0 3726.5 1741.6
P1230 0.350930690765 4437.8 1476.5 4453.8 1484.3 4445.6 1504.4 4429.6 1496.6
P1230 0.345629185438 4524.9 3950.3 4524.9 3973.2 4486.8 3973.2 4486.8 3950.3
P1230 0.336759239435 3646.8 2696.1 3700.9 2817.3 3676.8 2828.4 3622.6 2707.1
P1230 0.309872686863 948.0 597.8 952.2 616.4 917.2 625.8 913.0 607.2
P1230 0.29244351387 1076.2 3840.8 1084.8 3871.8 1061.6 3878.4 1053.0 3847.2
P1230 0.291829288006 2113.9 1875.9 2127.4 1889.9 2122.5 1895.0 2109.0 1880.9
P1230 0.265647053719 3200.5 2613.0 3200.5 2630.6 3186.5 2630.6 3186.5 2613.0
P1230 0.261797368526 968.4 2788.0 974.8 2805.2 965.0 2808.6 958.7 2791.4
P1230 0.258708357811 5172.1 3624.6 5186.3 3639.6 5182.2 3643.3 5167.9 3628.3
P1230 0.247910842299 1583.8 58.6 1589.0 76.7 1573.0 81.5 1567.7 63.4
P1230 0.24289482832 504.8 2874.6 523.8 2886.6 511.6 2909.2 492.6 2897.2
P1230 0.240016326308 1832.0 1276.4 1844.6 1302.4 1826.8 1308.6 1814.4 1282.6
P1230 0.233198806643 4583.4 518.0 4604.8 536.0 4576.2 561.0 4554.6 542.8
P1230 0.229867607355 2560.0 720.9 2563.1 733.4 2540.1 737.4 2537.1 724.9
P1230 0.229798540473 3613.4 3378.2 3627.0 3386.8 3609.4 3412.8 3595.8 3404.0
P1230 0.216972738504 3059.7 3430.7 3072.4 3444.9 3055.7 3461.5 3043.0 3447.3
P1230 0.216401621699 4470.4 3491.2 4470.4 3524.0 4450.4 3524.0 4450.4 3491.2
P1230 0.205479040742 2746.5 2716.4 2755.5 2728.1 2723.1 2752.3 2714.1 2740.5
P1230 0.197835922241 3363.2 2090.0 3370.0 2112.0 3332.6 2125.2 3325.8 2103.4
P1230 0.185656771064 3966.0 3220.4 3989.2 3231.4 3975.4 3266.4 3952.0 3255.4
P1230 0.183729767799 4746.8 1076.8 4761.2 1080.8 4750.2 1109.4 4735.8 1105.4
P1234 0.554120361805 80.7 2235.8 91.4 2264.6 36.0 2287.6 25.3 2258.9
P1234 0.536329627037 2592.0 2646.6 2615.0 2653.6 2603.7 2693.7 2580.6 2686.7
P1234 0.516170740128 2500.0 3594.3 2519.0 3597.9 2512.0 3634.7 2493.1 3631.0
P1234 0.504801154137 1560.1 2025.6 1600.8 2059.4 1580.4 2082.6 1539.7 2048.9
P1234 0.484292924404 1786.5 2390.2 1828.1 2416.7 1793.9 2469.8 1752.3 2443.2
P1234 0.457419365644 1992.8 1980.0 2018.5 2000.2 1867.1 2223.4 1841.4 2203.2
P1234 0.447119951248 2085.1 1840.6 2110.3 1860.4 1998.6 2026.8 1973.4 2007.0
P1234 0.341597437859 3879.3 2933.6 3890.7 2935.2 3884.5 2965.2 3873.2 2963.6
P1234 0.333082556725 2164.2 3443.8 2164.2 3493.2 2132.6 3493.2 2132.6 3443.8
P1234 0.318776160479 806.6 3687.8 855.0 3694.4 852.2 3709.6 803.8 3703.2
P1234 0.312237799168 830.2 996.4 840.4 1011.0 777.8 1059.6 767.6 1045.0
P1234 0.311888366938 3585.9 1635.6 3612.1 1658.9 3585.7 1687.8 3559.5 1664.5
P1234 0.311069875956 3672.0 2084.7 3696.5 2102.5 3684.0 2119.3 3659.6 2101.5
P1234 0.264588743448 1336.3 1788.1 1344.2 1798.6 1331.3 1807.7 1323.5 1797.2
P1234 0.25222235918 1608.0 2022.1 1616.6 2051.3 1605.6 2054.4 1597.0 2025.1
P1234 0.222167000175 3668.2 1576.4 3682.1 1601.1 3622.9 1635.1 3609.0 1610.5
P1234 0.215214446187 482.2 2804.6 495.8 2831.0 484.8 2837.0 471.2 2810.4
P1234 0.202208057046 3379.2 1853.0 3403.8 1875.6 3380.6 1897.4 3355.8 1874.6
P1234 0.194191098213 3762.5 2887.1 3999.3 2927.9 3993.5 2949.2 3756.7 2908.3
P1234 0.186220571399 3306.8 2827.9 3318.2 2829.8 3313.3 2854.9 3301.8 2853.0
P1234 0.18247911334 1095.0 123.6 1116.2 143.4 1107.0 153.2 1086.0 133.4
P1240 0.633480489254 3774.0 1111.2 3811.0 1137.8 3774.2 1189.7 3737.2 1163.1
P1240 0.560237288475 1841.2 774.1 1887.1 809.7 1842.4 869.4 1796.4 833.8
P1240 0.551708102226 306.6 2293.4 330.0 2311.2 322.8 2320.8 299.4 2303.0
P1240 0.534478068352 429.6 2159.2 457.0 2188.8 443.0 2201.6 415.6 2172.0
P1240 0.523398816586 1544.2 1110.3 1574.0 1123.9 1564.8 1143.8 1535.0 1130.1
P1240 0.500592947006 2324.6 344.4 2388.4 384.8 2370.8 413.2 2307.0 372.8
P1240 0.478145748377 3504.0 1010.2 3517.8 1017.4 3495.4 1057.2 3481.6 1050.0
P1240 0.469385176897 2898.0 3242.8 2914.4 3273.4 2805.8 3339.4 2789.4 3308.8
P1240 0.463104695082 959.8 1640.0 982.4 1670.6 966.0 1682.4 943.4 1651.8
P1240 0.456858932972 1360.7 1340.8 1373.3 1364.9 1357.0 1373.7 1344.3 1349.6
P1240 0.448180645704 615.0 2003.4 635.8 2026.1 628.9 2032.5 608.1 2009.8
P1240 0.388364255428 2228.0 1541.7 2240.0 1546.9 2231.4 1565.7 2219.3 1560.5
P1240 0.376943707466 1749.0 1216.2 1763.8 1220.3 1758.5 1236.7 1743.7 1232.7
P1240 0.361160218716 2346.8 275.2 2366.6 296.6 2319.4 339.2 2299.6 317.8
P1240 0.258071869612 1555.8 3761.8 1575.6 3778.8 1561.2 3794.3 1541.4 3777.3
P1240 0.244591131806 1553.4 1091.0 1571.2 1102.8 1556.2 1124.0 1538.4 1112.2
P1240 0.228509306908 2934.2 3903.0 2934.2 3946.0 2915.4 3946.0 2915.4 3903.0
P1240 0.226566269994 193.6 2397.4 202.0 2419.0 183.0 2428.6 174.4 2407.2
P1240 0.221473067999 571.0 3632.2 571.0 3658.2 542.2 3658.2 542.2 3632.2
P1240 0.219855234027 2906.0 2990.5 2948.7 2994.7 2945.8 3013.6 2903.1 3009.4
P1240 0.210092023015 637.6 984.8 652.8 1001.0 618.8 1023.8 603.6 1007.6
P1240 0.199373915792 364.2 1652.3 478.1 1791.2 456.8 1807.1 342.9 1668.2
P1240 0.196392342448 1226.2 1110.2 1244.2 1132.0 1233.0 1142.6 1214.8 1120.6
P1242 0.522619903088 2892.9 2889.2 2892.9 2923.0 2870.4 2923.0 2870.4 2889.2
P1242 0.510185956955 2398.0 2892.4 2424.4 2905.0 2410.0 2936.0 2383.6 2923.4
P1242 0.474225431681 1562.5 3926.7 1577.3 3937.6 1568.5 3949.6 1553.6 3938.7
P1242 0.397603809834 2043.0 3891.4 2049.6 3921.0 2035.0 3924.8 2028.4 3895.2
P1242 0.278203338385 3918.3 2604.1 3943.8 2627.1 3933.3 2639.9 3907.8 2616.9
P1242 0.269247800112 2908.1 1796.3 2928.1 1802.7 2879.7 1958.9 2859.6 1952.6
P1242 0.263475298882 965.7 2035.1 979.7 2037.7 974.7 2057.6 960.8 2055.1
P1242 0.213077232242 3760.2 3256.1 3782.8 3263.3 3779.1 3275.8 3756.5 3268.6
P1242 0.207244098186 1736.2 2412.4 1754.8 2434.0 1743.0 2444.2 1724.2 2422.6
P1246 0.664421081543 3940.2 2357.8 3940.2 2417.4 3762.2 2417.4 3762.2 2357.8
P1246 0.470251739025 2008.2 867.4 2018.2 874.4 2001.0 896.8 1991.0 889.8
P1246 0.461232244968 3509.4 1780.5 3518.8 1793.6 3470.4 1830.3 3460.9 1817.2
P1246 0.46063888073 2150.1 1839.7 2182.0 1861.8 2150.0 1917.3 2118.0 1895.2
P1246 0.407576024532 1394.6 390.5 1397.2 397.8 1377.7 405.3 1375.0 398.0
P1246 0.244797691703 357.6 1996.6 366.6 1999.5 357.3 2022.2 348.2 2019.3
P1246 0.233412757516 3416.2 150.9 3467.4 193.8 3451.6 212.8 3400.4 169.9
P1246 0.231078654528 548.1 3564.7 554.0 3574.6 528.6 3592.2 522.7 3582.3
P1246 0.220329299569 3909.6 90.8 3917.5 114.4 3846.5 136.2 3838.5 112.5
P1246 0.217198193073 503.3 3067.1 503.3 3096.9 444.9 3096.9 444.9 3067.1
P1246 0.214670628309 3853.4 138.5 3868.1 176.6 3846.3 184.9 3831.6 146.9
P1246 0.213329553604 2231.7 3562.9 2280.0 3567.6 2276.8 3586.2 2228.5 3581.5
P1246 0.209776028991 3141.8 2069.8 3154.2 2073.6 3141.4 2099.8 3129.2 2095.8
P1246 0.204368427396 2511.3 1823.3 2519.6 1829.8 2509.4 1844.4 2501.0 1837.9
P1246 0.201188087463 3142.7 3614.3 3177.3 3618.7 3173.9 3629.4 3139.2 3625.1
P1246 0.201019182801 246.6 2609.0 264.0 2627.6 227.4 2661.0 210.2 2642.4
P1257 0.527330935001 2642.2 3757.2 2698.6 3980.6 2645.0 3995.2 2588.6 3771.8
P1257 0.469833046198 1395.0 532.8 1404.0 542.4 1380.2 564.0 1371.2 554.4
P1257 0.414633095264 2686.6 3532.3 2695.1 3550.3 2629.2 3583.2 2620.7 3565.2
P1257 0.361683994532 1725.8 3430.6 1728.4 3451.6 1703.0 3460.2 1700.2 3439.2
P1257 0.358509689569 2688.6 3552.2 2697.8 3568.4 2647.8 3595.2 2638.8 3579.0
P1257 0.296918034554 2853.4 3198.3 2855.2 3215.7 2814.3 3222.6 2812.5 3205.2
P1257 0.282788008451 1647.4 3191.0 1667.0 3228.6 1657.0 3231.4 1637.6 3194.0
P1257 0.281430572271 2802.8 2983.2 2802.8 3009.4 2771.6 3009.4 2771.6 2983.2
P1257 0.270171165466 3169.5 2395.7 3169.5 2415.4 3156.8 2415.4 3156.8 2395.7
P1257 0.262071639299 2694.8 3597.4 2706.6 3629.2 2673.4 3644.0 2661.6 3612.2
P1257 0.249859645963 1144.8 3941.0 1149.8 3960.2 1121.8 3969.4 1116.8 3950.2
P1257 0.24422827363 1679.2 3157.0 1700.6 3198.2 1687.8 3203.4 1666.4 3162.0
P1257 0.237633898854 2576.2 3570.6 2586.6 3608.0 2536.0 3622.4 2525.6 3585.0
P1257 0.220214724541 2684.9 2447.9 2689.7 2471.4 2672.5 2475.5 2667.6 2452.0
P1257 0.218243405223 1699.0 3262.2 1709.6 3303.8 1685.0 3308.2 1674.6 3266.6
P1257 0.212974220514 1551.8 3512.0 1561.0 3536.4 1527.2 3552.4 1517.8 3527.8
P1257 0.204399079084 566.6 2251.2 566.6 2272.2 532.8 2272.2 532.8 2251.2
P1257 0.193660527468 1810.2 3108.7 1822.4 3146.9 1809.3 3151.6 1797.0 3113.4
P1257 0.187611222267 1076.2 3294.4 1087.0 3309.1 1063.5 3325.6 1052.7 3310.9
P1257 0.183759316802 3070.5 2410.7 3073.8 2432.9 3062.9 2435.0 3059.6 2412.8
P1266 0.446037858725 3560.0 1652.7 3560.0 1671.9 3547.4 1671.9 3547.4 1652.7
P1266 0.429720133543 2608.4 1485.6 2611.3 1497.5 2587.8 1503.8 2584.9 1491.9
P1266 0.392416536808 2009.4 1500.5 2030.1 1528.1 2019.2 1535.7 1998.5 1508.2
P1266 0.392039388418 1137.4 2340.2 1152.0 2363.8 1140.2 2370.6 1125.6 2347.0
P1266 0.380811989307 2668.1 2680.8 2672.8 2688.3 2658.5 2697.3 2653.8 2689.8
P1266 0.369851320982 1275.8 2714.5 1288.1 2736.1 1272.4 2745.9 1260.1 2724.2
P1266 0.360076844692 1905.6 3449.9 1909.8 3457.3 1892.0 3465.9 1887.9 3458.5
P1266 0.341053128242 1994.4 3531.4 2008.0 3548.9 1993.7 3561.2 1980.2 3543.7
P1266 0.339948266745 2613.8 938.2 2635.6 976.6 2613.6 989.4 2592.0 951.0
P1266 0.318133562803 3342.0 2264.8 3347.3 2270.7 3333.6 2281.8 3328.3 2275.9
P1266 0.309923917055 2454.4 2288.9 2462.8 2294.0 2453.5 2306.5 2445.2 2301.5
P1266 0.302386969328 1528.2 1545.6 1537.7 1560.1 1475.4 1602.6 1465.9 1588.1
P1266 0.290386348963 1221.3 2265.6 1236.7 2286.6 1229.0 2292.9 1213.6 2271.9
P1266 0.256817787886 1893.2 3232.0 1893.2 3243.2 1879.3 3243.2 1879.3 3232.0
P1266 0.245247259736 2586.4 1470.8 2593.4 1492.0 2573.0 1500.4 2566.2 1479.2
P1266 0.240956842899 2411.9 2916.8 2437.8 2935.5 2415.5 2967.4 2389.6 2948.7
P1266 0.232681393623 2394.2 2892.6 2420.8 2905.0 2413.8 2920.8 2387.4 2908.4
P1266 0.226403743029 3290.6 3559.5 3303.4 3579.9 3289.8 3588.7 3277.1 3568.3
P1266 0.207191258669 165.4 1562.2 173.2 1577.8 111.8 1611.0 104.2 1595.4
P1266 0.19895811379 1121.8 2338.8 1132.2 2355.4 1109.0 2369.4 1098.8 2352.8
P1266 0.183143645525 3420.0 1047.8 3422.5 1068.3 3382.9 1076.5 3380.4 1055.9
P1268 0.674669444561 738.8 500.4 743.7 623.2 697.0 624.9 692.1 502.0
P1268 0.672334671021 271.7 3287.7 316.4 3294.3 307.7 3324.4 263.0 3317.9
P1268 0.553849279881 2299.7 3355.6 2309.2 3406.2 2287.5 3409.9 2278.0 3359.2
P1268 0.516885459423 3443.3 1812.9 3452.6 1817.3 3435.3 1855.6 3426.0 1851.2
P1268 0.488005399704 662.2 1660.2 699.2 1665.6 608.4 2203.0 571.4 2197.6
P1268 0.479361027479 2161.1 3377.9 2214.2 3422.5 2202.5 3435.1 2149.4 3390.6
P1268 0.454392939806 490.5 3302.3 490.5 3324.4 472.9 3324.4 472.9 3302.3
P1268 0.412506371737 3338.6 588.0 3351.0 635.0 3329.9 640.5 3317.6 593.5
P1268 0.411411970854 3306.9 576.1 3320.4 624.1 3305.6 627.9 3292.1 579.8
P1268 0.402536571026 931.8 2961.2 958.6 2972.4 949.4 2994.0 922.6 2983.0
P1268 0.367791026831 3892.6 2053.6 3903.9 2060.9 3886.4 2086.9 3875.1 2079.6
P1268 0.332699418068 2382.6 3347.2 2389.0 3384.0 2360.6 3388.4 2354.4 3351.6
P1268 0.315241068602 3700.5 1736.0 3715.3 1741.3 3710.4 1755.4 3695.6 1750.0
P1268 0.313556551933 220.4 1456.1 220.4 1475.6 198.8 1475.6 198.8 1456.1
P1268 0.306901931763 1351.2 608.6 1366.8 620.2 1346.2 649.0 1330.6 637.4
P1268 0.279536753893 2310.6 1184.1 2316.1 1187.6 2307.3 1201.9 2301.8 1198.4
P1268 0.27948024869 2140.1 527.3 2151.2 534.8 2137.1 554.6 2126.0 547.1
P1268 0.266552627087 2060.4 3297.0 2089.2 3318.4 2076.2 3341.6 2047.2 3320.0
P1268 0.262194365263 3848.2 1758.4 3864.4 1762.5 3858.8 1782.1 3842.7 1777.9
P1268 0.262126773596 3587.3 725.9 3593.7 728.0 3585.6 749.4 3579.2 747.2
P1268 0.257061630487 2227.0 36.0 2237.6 43.2 2216.8 67.4 2206.2 60.2
P1268 0.245454445481 1128.6 2755.2 1144.4 2771.0 1117.0 2794.6 1101.2 2778.8
P1268 0.242414876819 527.8 2414.8 565.2 2423.8 553.4 2464.6 516.0 2455.6
P1268 0.24012504518 23.1 3285.7 23.1 3301.6 13.0 3301.6 13.0 3285.7
P1268 0.237200632691 750.1 700.4 750.1 1023.4 694.2 1023.4 694.2 700.4
P1268 0.236047104001 2270.5 3301.9 2284.6 3378.9 2165.9 3397.8 2151.8 3320.8
P1268 0.227053597569 350.4 694.8 377.4 701.2 374.2 710.3 347.2 703.9
P1268 0.209044799209 1691.1 3401.7 1705.1 3408.5 1696.6 3434.3 1682.6 3427.5
P1268 0.205803915858 744.2 999.3 744.2 1020.8 699.7 1020.8 699.7 999.3
P1268 0.199227973819 1287.2 1774.7 1306.8 1787.0 1300.2 1797.0 1280.6 1784.7
P1268 0.185245230794 3091.2 1614.4 3119.0 1631.8 3113.2 1641.8 3085.4 1624.4
P1268 0.18507656455 696.7 1248.5 734.3 1250.5 722.5 1403.7 684.9 1401.7
P1268 0.183114930987 834.2 181.0 841.2 191.6 807.2 211.0 800.2 200.4
P1268 0.180913731456 2254.7 588.9 2271.6 600.0 2260.9 614.9 2243.9 603.7
P1268 0.180279493332 695.7 1106.9 737.4 1109.4 732.3 1257.4 690.6 1254.9
P1268 0.180191025138 3753.0 2382.2 3778.0 2397.2 3762.2 2427.6 3737.4 2412.6
P1269 0.633613467216 1127.8 2413.8 1177.8 2440.7 1157.1 2477.7 1107.1 2450.8
P1269 0.633529484272 1028.7 414.6 1080.2 444.2 1063.2 476.1 1011.7 446.5
P1269 0.615206182003 3414.1 1584.6 3440.9 1598.4 3422.6 1634.3 3395.9 1620.5
P1269 0.609749436378 2155.6 981.4 2187.6 998.0 2161.1 1045.3 2129.1 1028.7
P1269 0.580724954605 1678.6 3091.0 1696.6 3102.2 1676.2 3135.6 1658.2 3124.4
P1269 0.553995609283 62.4 1808.5 85.9 1823.4 63.1 1858.8 39.6 1843.9
P1269 0.548752963543 3117.0 2139.6 3144.3 2155.1 3136.4 2168.5 3109.1 2153.0
P1269 0.529711782932 3366.0 1689.8 3387.8 1704.2 3381.4 1713.7 3359.6 1699.3
P1269 0.500253140926 3298.7 3448.6 3321.0 3460.9 3312.1 3476.6 3289.8 3464.3
P1269 0.477949142456 3281.7 3473.9 3318.1 3494.3 3306.7 3514.8 3270.2 3494.3
P1269 0.476601094007 2571.8 3115.5 2624.1 3140.4 2615.4 3160.8 2563.1 3136.0
P1269 0.468557327986 481.2 2363.0 494.4 2372.2 476.0 2397.0 462.8 2387.6
P1269 0.460085779428 1890.4 1333.4 1918.6 1352.8 1911.0 1364.2 1883.0 1344.6
P1269 0.400581777096 2584.4 3091.6 2637.1 3114.6 2628.5 3135.7 2575.7 3112.7
P1269 0.381865143776 1954.2 2806.2 1994.8 2823.0 1960.6 2906.4 1920.0 2889.6
P1269 0.352207660675 1033.9 2715.2 1040.2 2719.9 1026.2 2738.0 1020.0 2733.3
P1269 0.326358944178 438.6 177.8 444.5 181.3 436.3 195.6 430.4 192.1
P1269 0.316454976797 17.7 2139.8 25.0 2143.1 17.1 2158.5 9.8 2155.2
P1269 0.312582463026 810.2 885.0 840.1 902.9 834.9 910.5 805.1 892.6
P1269 0.310479998589 347.8 3542.3 358.4 3548.0 343.4 3574.4 332.9 3568.7
P1269 0.256694555283 2377.1 735.7 2393.0 750.9 2387.7 756.3 2371.8 741.1
P1269 0.246404483914 3798.2 2406.0 3830.4 2431.6 3809.6 2457.6 3777.2 2432.0
P1269 0.242625668645 3875.4 2311.6 3899.0 2323.8 3893.0 2337.2 3869.4 2325.0
P1269 0.236529663205 2547.2 3132.8 2569.2 3144.6 2531.8 3210.4 2509.6 3198.6
P1269 0.234563335776 57.4 1555.5 65.8 1558.9 58.0 1577.4 49.7 1574.1
P1269 0.230656757951 1843.6 2783.7 1877.7 2793.1 1873.7 2804.5 1839.6 2795.1
P1269 0.229427114129 3844.2 2415.0 3862.4 2421.8 3849.4 2447.2 3831.4 2440.6
P1269 0.222846239805 168.4 3429.0 181.6 3436.0 161.4 3467.0 148.2 3460.0
P1269 0.219172909856 2804.4 1307.6 2826.6 1321.0 2819.2 1339.6 2797.0 1326.0
P1269 0.217812776566 3047.4 2254.8 3076.0 2267.4 3072.2 2278.0 3043.8 2265.2
P1269 0.208999425173 3374.0 1656.2 3387.0 1662.0 3368.4 1695.2 3355.4 1689.4
P1269 0.18390801549 1550.4 3461.5 1563.2 3466.7 1556.3 3486.2 1543.5 3481.1
P1269 0.180565342307 596.4 2164.8 610.6 2172.8 595.2 2195.8 581.0 2187.8
P1273 0.470758527517 4586.0 1465.4 4606.4 1508.4 4557.6 1532.6 4537.2 1489.6
P1273 0.46587702632 5029.3 1783.6 5060.1 1828.1 5039.6 1843.3 5008.9 1798.8
P1273 0.461700350046 4185.2 626.3 4207.3 682.3 4155.3 705.3 4133.2 649.3
P1273 0.340231150389 5037.2 1877.8 5055.2 1912.4 5002.4 1939.2 4984.4 1904.6
P1273 0.253750443459 4716.5 1383.9 4733.6 1411.1 4719.2 1419.6 4702.0 1392.5
P1273 0.236780568957 4339.2 563.7 4353.0 592.7 4335.9 600.5 4322.1 571.4
P1273 0.221575215459 4800.7 318.8 4805.7 334.7 4788.4 341.0 4783.4 325.1
P1273 0.188294276595 5196.2 2494.2 5227.2 2559.8 5178.8 2585.6 5147.8 2520.0
P1273 0.180578559637 4307.6 562.5 4314.9 580.1 4264.5 601.7 4257.2 584.1
P1275 0.239039734006 1820.5 2516.1 1820.5 2528.8 1799.6 2528.8 1799.6 2516.1
P1283 0.212358206511 3175.8 3448.0 3180.0 3458.6 3137.2 3471.4 3133.0 3460.8
P1314 0.572744071484 1841.2 1727.4 1874.4 1751.4 1785.8 1879.8 1752.8 1856.0
P1314 0.571289479733 3462.9 2364.7 3503.1 2376.3 3493.0 2415.6 3452.8 2403.9
P1314 0.553771138191 2148.7 3678.6 2148.7 3709.0 2111.9 3709.0 2111.9 3678.6
P1314 0.553586900234 2231.2 2051.8 2240.2 2060.8 2180.0 2126.9 2171.1 2117.9
P1314 0.546428740025 2489.0 2207.8 2518.4 2219.0 2463.8 2359.6 2434.4 2348.4
P1314 0.542983174324 3784.6 1845.6 3784.6 1894.3 3739.3 1894.3 3739.3 1845.6
P1314 0.513961553574 903.0 888.5 920.6 901.7 899.7 931.8 882.2 918.6
P1314 0.51240336895 3003.9 1623.7 3027.1 1638.7 3007.8 1668.1 2984.6 1653.0
P1314 0.498807549477 2733.4 1436.2 2764.2 1457.8 2746.2 1485.6 2715.2 1463.8
P1314 0.482877284288 415.4 702.4 430.2 707.6 391.0 827.8 376.2 822.6
P1314 0.471643090248 2353.8 2551.4 2395.2 2565.0 2376.0 2624.0 2334.6 2610.6
P1314 0.455211728811 3377.4 1807.8 3399.1 1815.3 3388.0 1850.8 3366.3 1843.4
P1314 0.453089624643 2215.2 3639.5 2215.2 3651.8 2180.1 3651.8 2180.1 3639.5
P1314 0.450660347939 3476.9 695.7 3492.4 743.4 3478.8 747.9 3463.3 700.1
P1314 0.446719050407 3740.6 413.3 3757.9 430.7 3750.3 438.8 3733.0 421.3
P1314 0.440890938044 1289.1 746.6 1289.1 762.9 1275.1 762.9 1275.1 746.6
P1314 0.420738309622 1951.8 3789.2 2018.7 3802.4 2011.6 3839.7 1944.6 3826.4
P1314 0.417291849852 3396.2 3334.2 3399.2 3355.6 3391.0 3356.9 3388.0 3335.5
P1314 0.413924008608 3742.0 919.5 3752.7 941.4 3741.4 947.2 3730.8 925.3
P1314 0.410519987345 3492.3 1650.7 3515.9 1674.6 3488.1 1704.5 3464.4 1680.6
P1314 0.409076422453 3964.1 1084.3 3973.1 1124.6 3961.4 1128.3 3952.4 1088.0
P1314 0.406659662724 3217.8 1388.6 3244.0 1417.6 3223.0 1436.6 3196.8 1407.6
P1314 0.387708455324 3979.7 604.7 3991.8 616.4 3984.8 623.5 3972.7 611.8
P1314 0.387540191412 3514.7 199.3 3529.1 211.8 3520.9 221.1 3506.5 208.6
P1314 0.38699388504 943.6 2249.9 970.3 2259.2 966.0 2267.6 939.2 2258.3
P1314 0.385873526335 2193.3 649.1 2200.6 663.0 2194.1 665.9 2186.9 652.0
P1314 0.356213539839 2428.8 3718.9 2436.1 3721.0 2431.4 3739.5 2424.1 3737.5
P1314 0.327606499195 2697.6 935.0 2737.8 975.0 2703.2 1010.2 2663.0 970.0
P1314 0.315615683794 3345.7 573.6 3349.4 583.1 3329.7 591.9 3326.0 582.3
P1314 0.309375494719 3397.5 418.1 3397.5 433.1 3375.7 433.1 3375.7 418.1
P1314 0.30253559351 1790.4 2007.2 1812.5 2018.1 1806.5 2029.7 1784.3 2018.8
P1314 0.298356324434 3670.1 774.9 3676.6 783.7 3661.9 795.1 3655.5 786.3
P1314 0.297919690609 2642.9 3961.2 2642.9 3996.0 2631.6 3996.0 2631.6 3961.2
P1314 0.296871751547 367.0 440.1 423.0 487.0 397.0 516.8 341.0 469.9
P1314 0.291362702847 1056.0 3499.1 1089.2 3510.7 1068.2 3568.7 1035.0 3557.1
P1314 0.287602841854 3192.5 1404.9 3203.8 1417.5 3162.6 1454.6 3151.3 1442.1
P1314 0.280291169882 2885.1 1072.0 2904.6 1092.4 2887.1 1108.6 2867.7 1088.2
P1314 0.271210223436 1969.7 2509.0 1989.2 2515.3 1977.9 2550.1 1958.5 2543.8
P1314 0.268520474434 3351.2 773.6 3367.6 784.2 3363.4 791.6 3347.0 780.9
P1314 0.257374227047 1427.2 720.2 1428.2 728.5 1408.2 732.0 1407.2 723.6
P1314 0.256231337786 3048.9 3709.2 3053.4 3711.4 3043.8 3727.1 3039.2 3725.0
P1314 0.256216645241 1711.4 1961.0 1743.6 1979.2 1721.4 2012.8 1689.2 1994.8
P1314 0.246332153678 379.0 2394.4 380.9 2405.8 360.8 2409.5 358.9 2398.1
P1314 0.240183711052 2778.1 1991.7 2793.1 2037.1 2769.5 2044.2 2754.5 1998.8
P1314 0.235367000103 3352.6 962.4 3366.4 977.0 3342.4 999.8 3328.4 985.4
P1314 0.232225060463 3365.2 26.6 3414.8 73.8 3393.6 96.2 3344.2 49.0
P1314 0.230655953288 2726.2 248.1 2734.4 264.8 2727.2 268.0 2718.9 251.4
P1314 0.22431409359 1286.6 430.0 1291.4 450.8 1269.8 455.8 1265.0 435.0
P1314 0.223053917289 3979.8 2785.4 3983.2 2812.8 3787.6 2838.6 3784.0 2811.2
P1314 0.21315254271 3742.9 676.5 3749.9 684.1 3731.6 702.5 3724.7 694.9
P1314 0.210430622101 2256.8 2144.2 2266.2 2147.4 2244.2 2188.6 2234.8 2185.6
P1314 0.205151885748 3996.7 3087.7 3996.7 3148.3 3974.9 3148.3 3974.9 3087.7
P1314 0.201740831137 836.0 3757.5 843.8 3757.9 838.0 3798.4 830.3 3798.0
P1314 0.200777813792 1124.8 1761.7 1160.2 1773.8 1152.1 1794.7 1116.7 1782.6
P1314 0.198249354959 3248.2 1533.4 3258.2 1542.2 3242.6 1560.4 3232.6 1551.6
P1314 0.193298578262 1329.4 584.3 1336.6 607.1 1322.4 611.5 1315.2 588.7
P1314 0.192379817367 2455.6 3206.0 2455.6 3221.8 2419.4 3221.8 2419.4 3206.0
P1314 0.186465650797 2080.6 651.1 2084.9 658.7 2061.0 672.9 2056.7 665.3
P1314 0.184312105179 3367.3 494.6 3381.6 507.4 3372.6 518.0 3358.3 505.2
P1315 0.593348562717 1831.8 2654.2 1863.2 2738.6 1842.8 2746.2 1811.6 2661.8
P1315 0.582754254341 2581.0 2327.0 2595.2 2394.4 2576.2 2398.1 2562.0 2330.7
P1315 0.575311303139 966.0 2568.2 966.0 2605.1 933.1 2605.1 933.1 2568.2
P1315 0.562585353851 1892.8 1724.4 1892.8 1759.3 1870.2 1759.3 1870.2 1724.4
P1315 0.547428429127 2119.6 1125.4 2119.6 1159.1 2075.4 1159.1 2075.4 1125.4
P1315 0.541068613529 2316.7 1642.8 2324.7 1683.3 2295.6 1690.1 2287.6 1649.7
P1315 0.535973250866 1430.6 1766.9 1430.6 1811.8 1404.6 1811.8 1404.6 1766.9
P1315 0.525446593761 1121.9 1113.4 1121.9 1137.7 1082.6 1137.7 1082.6 1113.4
P1315 0.517175018787 2327.2 3145.5 2327.9 3159.8 2261.8 3164.7 2261.1 3150.4
P1315 0.50940823555 1898.0 179.6 1908.5 183.3 1899.9 206.9 1889.4 203.3
P1315 0.50495749712 975.7 1822.7 975.7 1860.3 956.3 1860.3 956.3 1822.7
P1315 0.503012001514 1189.2 762.0 1242.6 769.6 1236.8 798.6 1183.4 791.0
P1315 0.495727539062 2357.5 2661.2 2362.2 2672.3 2301.6 2702.3 2296.9 2691.2
P1315 0.482049167156 3507.7 1517.8 3512.7 1530.6 3505.9 1532.9 3500.9 1520.1
P1315 0.478175729513 2507.5 1207.6 2520.4 1213.5 2498.0 1261.2 2485.1 1255.3
P1315 0.4670394063 3288.5 2605.0 3289.3 2618.5 3258.5 2622.5 3257.8 2608.9
P1315 0.46388193965 3340.7 689.7 3343.7 703.2 3304.1 713.4 3301.2 699.9
P1315 0.463062167168 1585.1 3830.4 1591.5 3833.8 1580.1 3852.9 1573.6 3849.5
P1315 0.459482878447 3323.9 3104.9 3323.9 3138.0 3312.8 3138.0 3312.8 3104.9
P1315 0.457495689392 307.0 1685.2 307.0 1716.4 279.2 1716.4 279.2 1685.2
P1315 0.457099974155 1515.4 3631.3 1521.7 3649.5 1512.9 3652.2 1506.6 3634.0
P1315 0.453601121902 305.9 3436.5 311.8 3438.7 304.8 3456.1 298.8 3453.9
P1315 0.443622082472 1686.0 2271.4 1686.0 2298.8 1651.8 2298.8 1651.8 2271.4
P1315 0.439886808395 2801.1 3552.1 2801.1 3564.5 2778.4 3564.5 2778.4 3552.1
P1315 0.437517642975 3391.6 430.8 3395.6 445.4 3370.4 453.2 3366.4 438.8
P1315 0.435398727655 224.3 2250.0 224.3 2274.9 196.1 2274.9 196.1 2250.0
P1315 0.431441962719 3346.7 3339.5 3346.7 3361.6 3336.6 3361.6 3336.6 3339.5
P1315 0.42307728529 2908.4 2678.5 2908.4 2694.5 2880.5 2694.5 2880.5 2678.5
P1315 0.420880496502 3752.8 -2.7 3756.5 14.1 3715.4 22.4 3711.7 5.6
P1315 0.413595110178 3537.7 532.6 3544.4 557.4 3531.9 560.5 3525.2 535.7
P1315 0.412572205067 1584.1 1201.9 1584.1 1224.9 1562.5 1224.9 1562.5 1201.9
P1315 0.403756797314 1701.9 675.6 1724.9 682.7 1720.0 697.2 1697.0 690.1
P1315 0.397647798061 3629.7 1155.1 3634.8 1164.2 3615.8 1175.6 3610.6 1166.5
P1315 0.393291831017 2418.6 340.2 2429.7 345.7 2418.2 367.2 2407.2 361.7
P1315 0.393230885267 1778.2 260.7 1803.2 272.1 1795.6 287.4 1770.5 276.0
P1315 0.38589027524 2301.4 1532.9 2303.6 1546.8 2278.0 1551.8 2275.8 1537.9
P1315 0.373727947474 242.1 975.6 249.4 980.0 234.3 1003.1 227.0 998.7
P1315 0.373442560434 3957.6 913.5 3964.1 935.2 3956.0 937.7 3949.6 916.0
P1315 0.373214662075 1912.4 2316.4 1928.8 2357.4 1886.2 2379.8 1869.8 2338.8
P1315 0.372118115425 3908.5 432.5 3913.3 454.3 3847.4 467.5 3842.6 445.6
P1315 0.366167277098 3462.1 654.5 3464.2 665.9 3447.2 669.9 3445.1 658.5
P1315 0.364290833473 3198.1 2401.2 3206.1 2403.7 3199.2 2434.8 3191.3 2432.3
P1315 0.35544654727 980.8 2144.1 980.8 2156.7 951.7 2156.7 951.7 2144.1
P1315 0.354180544615 2925.9 1917.3 2929.7 1936.1 2902.8 1943.0 2899.0 1924.1
P1315 0.348975718021 1608.3 1654.9 1608.3 1668.9 1588.3 1668.9 1588.3 1654.9
P1315 0.343629062176 3564.8 3438.8 3568.5 3473.8 3535.6 3477.2 3531.9 3442.2
P1315 0.338997006416 3323.8 2170.5 3327.3 2177.8 3281.1 2201.5 3277.7 2194.2
P1315 0.33695062995 920.5 3770.1 932.9 3776.3 915.2 3809.1 902.8 3802.8
P1315 0.331001311541 3766.7 3057.6 3766.7 3075.0 3725.7 3075.0 3725.7 3057.6
P1315 0.329535394907 1952.6 2604.3 1954.5 2613.9 1923.7 2622.8 1921.7 2613.3
P1315 0.327448070049 159.3 1839.2 159.3 1877.0 140.9 1877.0 140.9 1839.2
P1315 0.322795003653 3854.8 2114.3 3854.8 2128.6 3822.5 2128.6 3822.5 2114.3
P1315 0.322337299585 282.4 968.1 294.3 998.7 283.4 1003.6 271.5 973.0
P1315 0.314627468586 2216.8 800.6 2243.2 812.8 2239.4 822.8 2213.0 810.4
P1315 0.314500719309 64.3 1126.2 66.7 1134.6 44.5 1140.4 42.1 1132.0
P1315 0.314101755619 3207.9 614.3 3214.5 636.4 3206.6 638.5 3200.0 616.3
P1315 0.311905413866 2412.4 533.0 2438.4 551.4 2429.6 564.4 2403.6 546.0
P1315 0.306521594524 2815.2 2805.9 2815.2 2829.2 2799.0 2829.2 2799.0 2805.9
P1315 0.305069684982 452.2 917.7 460.8 946.7 449.7 949.6 441.2 920.6
P1315 0.302003860474 666.0 1012.1 671.1 1013.1 664.6 1032.3 659.4 1031.3
P1315 0.294267296791 82.7 628.1 91.1 631.9 82.2 647.3 73.7 643.5
P1315 0.293226778507 1342.3 3330.1 1344.9 3337.3 1319.6 3348.0 1317.0 3340.7
P1315 0.288455694914 1867.0 1713.0 1867.0 1751.0 1837.8 1751.0 1837.8 1713.0
P1315 0.284568369389 3193.6 1852.0 3193.6 1885.0 3164.2 1885.0 3164.2 1852.0
P1315 0.280036449432 101.0 1159.1 101.0 1171.1 70.9 1171.1 70.9 1159.1
P1315 0.277930051088 3549.9 1223.3 3558.9 1241.2 3547.8 1245.8 3538.8 1227.9
P1315 0.26393148303 106.2 1237.6 106.2 1267.6 79.0 1267.6 79.0 1237.6
P1315 0.261790603399 148.1 1734.9 150.5 1746.5 120.2 1750.1 117.8 1738.6
P1315 0.259725064039 1903.6 1545.0 1917.7 1549.5 1915.5 1557.5 1901.5 1553.0
P1315 0.259510964155 2051.7 3922.9 2051.7 3946.5 2039.3 3946.5 2039.3 3922.9
P1315 0.256035745144 1490.0 2235.4 1490.0 2253.6 1459.2 2253.6 1459.2 2235.4
P1315 0.25144085288 3676.4 970.9 3683.7 990.8 3672.3 994.4 3665.0 974.5
P1315 0.248177647591 1268.0 179.6 1285.6 185.8 1271.6 228.4 1254.0 222.2
P1315 0.246054962277 1836.6 3303.3 1836.6 3324.0 1826.0 3324.0 1826.0 3303.3
P1315 0.2458999753 298.0 1209.4 298.0 1234.2 273.4 1234.2 273.4 1209.4
P1315 0.245641216636 1172.6 3097.9 1172.6 3112.5 1151.3 3112.5 1151.3 3097.9
P1315 0.241698518395 516.0 3540.4 516.0 3570.6 496.6 3570.6 496.6 3540.4
P1315 0.238430783153 3356.4 297.8 3362.0 310.4 3337.8 319.6 3332.4 306.8
P1315 0.23578967154 126.2 978.6 144.0 1005.2 136.4 1011.2 118.4 984.6
P1315 0.23570010066 172.5 3268.2 174.3 3277.2 152.2 3280.3 150.4 3271.2
P1315 0.228994548321 3396.2 3634.3 3396.7 3644.6 3351.3 3650.6 3350.8 3640.3
P1315 0.221088707447 1026.5 1499.9 1026.5 1511.5 1001.6 1511.5 1001.6 1499.9
P1315 0.218218833208 3714.6 -1.1 3719.5 10.5 3705.5 14.2 3700.7 2.6
P1315 0.215438097715 1316.9 1923.4 1316.9 1937.7 1303.7 1937.7 1303.7 1923.4
P1315 0.20211841166 2975.7 1903.5 2979.3 1920.7 2957.5 1925.9 2953.9 1908.8
P1315 0.199491292238 2063.9 2420.2 2072.4 2452.3 2053.5 2457.1 2045.0 2425.0
P1315 0.191551819444 3099.0 1531.4 3117.6 1543.6 3102.6 1565.4 3084.2 1553.4
P1315 0.190576210618 110.0 1412.2 111.4 1421.5 86.2 1424.9 84.8 1415.6
P1315 0.188945800066 2938.6 3106.4 2938.6 3121.0 2921.7 3121.0 2921.7 3106.4
P1315 0.183257475495 986.6 1734.6 986.6 1757.6 970.7 1757.6 970.7 1734.6
P1315 0.182204425335 3945.2 905.4 3948.2 919.6 3919.8 926.8 3916.8 912.6
P1323 0.638851761818 2116.6 1674.9 2134.0 1707.7 2039.4 1761.7 2022.0 1728.9
P1323 0.634386181831 3734.8 1295.1 3739.6 1321.1 3668.2 1334.1 3663.4 1308.1
P1323 0.632729709148 3405.4 1266.3 3417.9 1314.7 3392.0 1321.6 3379.5 1273.2
P1323 0.610750317574 1435.6 896.4 1463.5 919.8 1399.9 1004.1 1372.0 980.6
P1323 0.598130524158 3377.3 1276.1 3391.5 1327.5 3361.7 1336.3 3347.4 1284.9
P1323 0.563224852085 3610.5 2361.7 3621.1 2417.2 3576.6 2426.4 3566.0 2370.9
P1323 0.560146033764 1186.3 201.2 1196.2 222.1 1186.8 226.7 1176.9 205.8
P1323 0.536830067635 1220.5 3156.6 1223.9 3168.4 1184.4 3182.0 1180.9 3170.2
P1323 0.534041106701 1418.8 3468.4 1424.9 3525.9 1409.5 3527.9 1403.4 3470.3
P1323 0.528223752975 3027.8 44.3 3035.4 85.6 3022.5 87.5 3015.0 46.2
P1323 0.527389287949 3548.6 1899.6 3552.6 1972.5 3503.3 1975.8 3499.3 1902.9
P1323 0.525619745255 1241.2 2336.2 1268.7 2472.7 1252.3 2475.9 1224.7 2339.4
P1323 0.519367516041 673.0 -6.0 686.0 18.2 615.2 60.2 602.2 36.0
P1323 0.506915450096 2415.7 2199.3 2424.2 2216.2 2341.5 2262.0 2333.0 2245.1
P1323 0.505894005299 293.1 1854.5 300.1 1908.4 288.4 1910.2 281.3 1856.3
P1323 0.502616226673 2049.3 2136.3 2065.5 2191.8 2051.7 2195.0 2035.5 2139.5
P1323 0.490714013577 3393.0 945.2 3399.2 957.8 3350.6 981.6 3344.4 969.0
P1323 0.48942309618 2283.1 3621.6 2286.9 3638.2 2232.3 3653.2 2228.4 3636.6
P1323 0.488643288612 1007.1 666.9 1030.1 699.4 1021.2 705.4 998.2 672.8
P1323 0.486630350351 3486.2 428.4 3491.4 443.2 3448.4 460.4 3443.4 445.8
P1323 0.476527869701 3392.6 999.7 3403.2 1022.4 3355.6 1043.9 3345.1 1021.2
P1323 0.47642827034 3682.8 2833.2 3693.4 2894.6 3653.6 2902.0 3643.0 2840.6
P1323 0.474911242723 3352.1 121.7 3356.8 134.7 3323.8 148.3 3319.2 135.3
P1323 0.473719239235 584.8 1672.5 588.5 1682.1 555.4 1698.3 551.7 1688.7
P1323 0.472192585468 1354.7 3810.9 1354.7 3826.1 1305.2 3826.1 1305.2 3810.9
P1323 0.465347647667 377.4 3874.1 381.0 3886.2 345.2 3897.1 341.6 3884.9
P1323 0.45707693696 1025.4 3265.2 1029.6 3288.8 1020.0 3290.5 1015.7 3266.9
P1323 0.457059174776 272.6 3038.1 305.5 3051.6 267.5 3141.5 234.6 3128.0
P1323 0.441131800413 1589.4 293.0 1596.6 317.0 1570.8 325.4 1563.6 301.4
P1323 0.423661261797 398.4 1327.7 400.7 1337.8 367.1 1348.9 364.9 1338.8
P1323 0.421302884817 3609.5 1827.0 3609.5 1840.1 3577.4 1840.1 3577.4 1827.0
P1323 0.412472724915 1486.8 68.0 1494.3 87.3 1486.8 89.5 1479.2 70.3
P1323 0.395263433456 1416.6 992.2 1553.0 1173.0 1504.4 1208.8 1368.0 1028.2
P1323 0.392359256744 327.1 1759.7 327.2 1769.2 283.4 1772.9 283.4 1763.4
P1323 0.390602916479 99.8 3464.0 134.8 3473.4 118.2 3521.2 83.2 3512.0
P1323 0.390485495329 1403.9 2075.6 1418.9 2108.8 1376.6 2129.6 1361.6 2096.5
P1323 0.389784187078 3494.4 1561.0 3501.8 1595.4 3442.2 1613.4 3434.8 1578.8
P1323 0.385350823402 694.0 2454.7 709.1 2485.7 646.9 2517.8 631.7 2486.8
P1323 0.369465082884 241.5 1539.7 243.7 1547.5 194.7 1568.7 192.5 1560.9
P1323 0.364467710257 1437.2 2533.0 1440.8 2541.8 1405.0 2559.4 1401.2 2550.6
P1323 0.363724857569 2374.4 3327.6 2394.6 3396.2 2373.2 3401.6 2353.2 3332.8
P1323 0.361767172813 3458.7 1850.6 3460.0 1859.8 3425.9 1865.0 3424.6 1855.8
P1323 0.347044169903 3792.3 3259.1 3795.3 3279.8 3732.3 3288.4 3729.3 3267.8
P1323 0.319909512997 548.8 1298.2 559.8 1327.4 545.8 1332.2 534.8 1303.0
P1323 0.286656707525 3733.6 1559.0 3766.0 1572.8 3762.8 1581.8 3730.4 1568.0
P1323 0.282328218222 563.0 2514.8 576.3 2550.3 529.2 2569.4 515.9 2533.9
P1323 0.279773086309 364.9 1153.2 373.6 1167.9 367.4 1171.7 358.7 1157.0
P1323 0.272013157606 3168.5 1028.9 3175.9 1048.9 3114.7 1070.8 3107.3 1050.7
P1323 0.271999955177 1315.9 3492.7 1331.3 3509.7 1287.1 3551.2 1271.8 3534.1
P1323 0.264847427607 2933.6 1803.8 2942.4 1819.3 2936.4 1822.7 2927.6 1807.2
P1323 0.263312786818 3414.8 1160.5 3418.6 1183.7 3389.4 1188.3 3385.6 1165.1
P1323 0.262178838253 2912.1 501.2 2923.5 531.6 2876.9 551.3 2865.4 520.9
P1323 0.258827745914 1977.0 1332.4 1993.4 1374.4 1936.6 1396.4 1920.4 1354.6
P1323 0.256021082401 247.5 1456.6 254.4 1480.5 244.7 1482.8 237.7 1458.8
P1323 0.243166580796 366.0 3976.5 366.0 3987.1 341.1 3987.1 341.1 3976.5
P1323 0.239801570773 3726.0 3506.6 3726.0 3538.6 3708.2 3538.6 3708.2 3506.6
P1323 0.238760456443 3725.2 2672.8 3727.6 2683.8 3691.6 2692.8 3689.2 2681.8
P1323 0.236167952418 136.6 2346.8 143.0 2375.6 124.8 2378.8 118.2 2350.0
P1323 0.229369059205 1800.8 3311.0 1811.8 3365.2 1789.2 3368.6 1778.4 3314.4
P1323 0.223281189799 2568.2 2224.8 2581.5 2259.7 2564.2 2266.7 2550.9 2231.8
P1323 0.220977917314 3040.0 2068.8 3047.8 2099.8 3032.8 2101.4 3025.2 2070.4
P1323 0.21111151576 3071.9 248.0 3075.5 263.9 3060.6 268.1 3057.0 252.2
P1323 0.206597238779 2760.8 3621.5 2764.7 3640.6 2715.0 3654.7 2711.2 3635.6
P1323 0.203999817371 1344.0 1024.6 1382.6 1059.6 1337.2 1110.2 1298.8 1075.2
P1323 0.203867986798 473.7 1190.3 475.6 1198.4 457.2 1204.3 455.3 1196.2
P1323 0.198202550411 1343.6 3702.2 1344.3 3713.7 1299.0 3718.2 1298.3 3706.8
P1323 0.193757399917 3152.0 1005.2 3160.2 1030.0 3110.8 1052.2 3102.8 1027.4
P1323 0.191668599844 3798.1 2813.5 3805.9 2859.8 3789.7 2863.2 3782.0 2816.9
P1323 0.189315333962 588.7 2280.0 622.1 2296.4 583.3 2380.4 549.9 2364.1
P1323 0.184493541718 2836.7 2132.9 2845.1 2156.7 2832.6 2160.7 2824.2 2136.9
P1323 0.181761547923 1804.2 441.7 1838.5 473.0 1704.1 626.1 1669.7 594.8
P1332 0.6072742939 3547.6 881.0 3547.6 906.6 3511.8 906.6 3511.8 881.0
P1332 0.553387105465 3232.3 399.5 3238.5 427.5 3203.0 435.9 3196.8 407.8
P1332 0.477058053017 2924.0 77.7 2929.8 105.8 2910.6 110.0 2904.8 81.9
P1332 0.441510975361 3795.4 1167.9 3795.4 1189.3 3760.3 1189.3 3760.3 1167.9
P1332 0.440476089716 110.6 608.2 110.6 635.7 99.8 635.7 99.8 608.2
P1332 0.439029335976 137.9 3934.4 155.2 3960.4 147.3 3965.4 130.0 3939.4
P1332 0.396387606859 3105.7 698.8 3105.7 711.0 3081.9 711.0 3081.9 698.8
P1332 0.357472956181 3809.4 865.4 3809.4 904.2 3783.6 904.2 3783.6 865.4
P1332 0.337515205145 710.8 3740.4 724.1 3753.4 718.0 3760.2 704.7 3747.2
P1332 0.333009630442 2915.1 471.3 2926.0 504.5 2911.6 509.4 2900.7 476.1
P1332 0.312560111284 1986.2 -10.5 1999.3 5.2 1985.7 15.8 1972.7 0.1
P1332 0.310269713402 308.6 968.5 308.6 979.7 288.4 979.7 288.4 968.5
P1332 0.295649290085 3836.4 312.6 3836.4 323.8 3815.2 323.8 3815.2 312.6
P1332 0.282146900892 3955.1 1498.2 3959.0 1506.0 3929.4 1522.2 3925.5 1514.4
P1332 0.231072619557 2290.5 365.4 2301.5 380.7 2289.1 390.4 2278.1 375.1
P1332 0.206172898412 3122.8 88.2 3125.9 106.5 3073.1 115.7 3070.0 97.4
P1342 0.710533261299 2795.8 37.7 2803.4 79.9 2775.4 85.8 2767.8 43.5
P1342 0.687735676765 1889.9 133.2 1895.8 170.2 1866.0 174.9 1860.1 137.9
P1342 0.684951424599 1099.4 2418.9 1111.0 2458.0 1088.8 2464.2 1077.2 2425.2
P1342 0.658721923828 1167.2 516.6 1174.2 552.3 1133.4 560.8 1126.4 525.1
P1342 0.631477832794 1295.2 1431.8 1305.0 1481.6 1273.0 1488.8 1263.2 1439.0
P1342 0.603735744953 3738.1 639.1 3766.4 664.1 3723.1 717.7 3694.8 692.7
P1342 0.594682276249 1161.7 45.6 1169.6 83.3 1122.0 93.0 1114.2 55.4
P1342 0.593156039715 3649.0 819.0 3654.7 837.3 3644.1 840.1 3638.4 821.9
P1342 0.592460274696 1405.5 165.9 1410.2 198.8 1368.2 205.3 1363.4 172.3
P1342 0.58354049921 1405.0 1958.9 1408.4 1984.3 1367.2 1988.0 1363.9 1962.6
P1342 0.568204045296 3853.0 1490.8 3864.2 1545.2 3818.6 1555.8 3807.6 1501.4
P1342 0.566129267216 371.8 3462.9 373.3 3472.0 353.5 3477.0 352.0 3467.9
P1342 0.546727776527 1475.6 3091.8 1475.6 3124.0 1397.8 3124.0 1397.8 3091.8
P1342 0.536643505096 1177.7 3207.8 1181.4 3226.1 1170.8 3227.9 1167.2 3209.6
P1342 0.534843325615 1481.0 2654.5 1481.0 2676.7 1434.4 2676.7 1434.4 2654.5
P1342 0.53421908617 3536.8 50.6 3538.7 60.0 3491.3 73.2 3489.4 63.8
P1342 0.520047008991 1941.0 2324.0 1941.0 2359.6 1918.8 2359.6 1918.8 2324.0
P1342 0.514149129391 3579.2 3193.4 3586.2 3206.1 3577.4 3210.4 3570.5 3197.7
P1342 0.511922419071 1661.8 1772.9 1664.5 1790.7 1654.1 1792.1 1651.4 1774.2
P1342 0.510420799255 3811.2 750.3 3820.8 757.0 3793.0 798.2 3783.5 791.6
P1342 0.507895410061 3798.6 732.6 3809.8 741.6 3779.2 781.8 3768.0 772.8
P1342 0.505147278309 2675.1 1854.5 2675.1 1885.3 2657.1 1885.3 2657.1 1854.5
P1342 0.49488222599 355.9 3405.5 358.6 3420.4 344.3 3423.2 341.7 3408.4
P1342 0.48768004775 347.4 3362.0 352.4 3389.9 335.7 3392.8 330.7 3364.9
P1342 0.487215518951 2363.2 3460.0 2374.4 3475.2 2351.6 3494.0 2340.4 3478.8
P1342 0.486587166786 2996.5 3869.2 2998.9 3876.7 2983.6 3884.7 2981.2 3877.2
P1342 0.483965277672 3644.1 3533.9 3648.0 3541.7 3631.7 3550.7 3627.8 3542.9
P1342 0.480874538422 87.3 2510.6 87.3 2557.7 52.4 2557.7 52.4 2510.6
P1342 0.479465961456 743.4 2478.4 747.9 2517.1 740.7 2517.1 736.2 2478.4
P1342 0.478295564651 2818.2 2870.0 2836.4 2878.8 2824.8 2900.6 2806.6 2892.0
P1342 0.466027885675 3049.5 2959.8 3058.0 2964.4 3048.9 2980.3 3040.5 2975.7
P1342 0.462626993656 3262.0 3107.0 3268.4 3111.0 3256.1 3130.0 3249.7 3125.9
P1342 0.455332249403 2788.0 1719.6 2799.8 1729.6 2791.1 1739.7 2779.4 1729.8
P1342 0.45105740428 253.9 2963.5 255.9 2973.6 237.8 2977.6 235.8 2967.6
P1342 0.445087790489 767.0 3302.4 771.2 3321.8 758.4 3324.0 754.2 3304.6
P1342 0.426101088524 2476.1 3452.6 2479.2 3469.2 2471.0 3470.5 2467.9 3453.8
P1342 0.425038456917 140.4 2508.0 145.2 2547.6 92.2 2555.0 87.6 2515.4
P1342 0.403647392988 283.2 3100.7 283.2 3118.9 264.2 3118.9 264.2 3100.7
P1342 0.400568395853 2869.1 3931.5 2871.5 3940.5 2854.9 3945.8 2852.5 3936.8
P1342 0.390425592661 3380.1 3238.5 3391.5 3254.5 3383.7 3259.6 3372.3 3243.7
P1342 0.387691646814 3724.0 3674.4 3724.0 3688.5 3704.1 3688.5 3704.1 3674.4
P1342 0.371535122395 3828.2 3365.3 3835.0 3383.2 3814.5 3391.2 3807.7 3373.3
P1342 0.361888289452 433.2 3356.0 440.4 3380.4 408.4 3391.0 401.2 3366.4
P1342 0.35742905736 240.2 2075.6 250.7 2090.1 243.7 2095.5 233.2 2081.0
P1342 0.329540222883 1220.4 1035.3 1220.4 1047.4 1199.6 1047.4 1199.6 1035.3
P1342 0.316942423582 3833.8 1029.4 3851.4 1035.8 3819.0 1122.0 3801.6 1115.6
P1342 0.307599157095 2985.5 1026.7 2987.6 1042.4 2954.6 1049.2 2952.4 1033.5
P1342 0.297717154026 628.2 2488.9 628.2 2515.1 617.3 2515.1 617.3 2488.9
P1342 0.297698050737 2456.0 3344.8 2466.8 3356.4 2448.2 3384.8 2437.4 3373.2
P1342 0.29456320405 3954.6 759.6 3971.2 766.0 3955.6 802.6 3939.2 796.2
P1342 0.294376552105 2979.2 1005.4 2986.4 1031.4 2965.6 1035.4 2958.4 1009.4
P1342 0.291619002819 357.6 3434.2 357.6 3469.6 338.8 3469.6 338.8 3434.2
P1342 0.28163164854 2472.0 76.4 2474.1 111.9 2466.4 111.5 2464.3 75.9
P1342 0.256377577782 2025.7 3972.7 2025.7 3983.7 2010.8 3983.7 2010.8 3972.7
P1342 0.252147853374 3618.4 2274.4 3618.4 2296.7 3601.7 2296.7 3601.7 2274.4
P1342 0.250971227884 1216.4 1006.2 1216.4 1036.6 1190.6 1036.6 1190.6 1006.2
P1342 0.248123124242 1788.3 1747.3 1790.8 1765.0 1768.4 1768.7 1765.9 1751.0
P1342 0.244000434875 2428.6 2974.3 2428.6 2997.2 2415.9 2997.2 2415.9 2974.3
P1342 0.239284545183 3052.4 3725.7 3065.8 3741.8 3047.7 3758.4 3034.2 3742.3
P1342 0.236379206181 2265.1 2458.4 2271.0 2472.6 2251.6 2480.9 2245.7 2466.7
P1342 0.229872792959 3006.6 3789.0 3017.7 3796.6 3011.8 3806.5 3000.6 3798.8
P1342 0.229406490922 3443.4 3220.8 3451.8 3237.6 3429.8 3249.2 3421.4 3232.6
P1342 0.223987028003 3933.0 1761.8 3933.0 1779.0 3921.6 1779.0 3921.6 1761.8
P1342 0.220321804285 112.1 2499.1 112.1 2515.0 93.7 2515.0 93.7 2499.1
P1342 0.212077364326 3207.8 1661.2 3219.4 1675.2 3200.4 1691.6 3188.8 1677.8
P1342 0.203788951039 3620.2 3508.0 3632.2 3536.0 3619.4 3541.4 3607.4 3513.4
P1342 0.203394830227 1229.0 3191.5 1233.0 3213.6 1224.1 3214.0 1220.1 3192.0
P1342 0.197964638472 466.4 2854.5 484.3 2866.8 459.4 2902.2 441.5 2889.8
P1342 0.193303316832 1032.0 167.9 1037.1 184.5 1027.1 186.7 1022.0 170.1
P1342 0.191068470478 2939.2 1392.6 2939.2 1418.2 2921.1 1418.2 2921.1 1392.6
P1342 0.190617978573 3744.7 764.3 3759.6 777.7 3755.1 782.5 3740.2 769.1
P1342 0.190588444471 2647.5 2080.0 2647.5 2100.3 2629.1 2100.3 2629.1 2080.0
P1342 0.187596857548 319.4 2807.2 367.6 2821.4 361.8 2846.4 313.4 2832.2
P1342 0.186049178243 540.7 313.4 545.0 327.6 535.3 329.7 531.1 315.5
P1342 0.1853710711 2454.1 3681.8 2460.8 3719.4 2445.9 3722.1 2439.1 3684.5
P1356 0.565133392811 3546.8 2430.5 3555.9 2457.8 3546.1 2461.0 3537.0 2433.6
P1356 0.549777925014 169.9 3711.8 174.7 3731.6 145.0 3739.1 140.2 3719.4
P1356 0.52416664362 394.6 796.0 403.4 820.3 395.1 823.7 386.3 799.3
P1356 0.514144837856 2712.3 2057.4 2717.2 2073.9 2709.0 2075.6 2704.1 2059.1
P1356 0.511393964291 869.2 3562.4 875.1 3585.8 846.2 3592.9 840.3 3569.5
P1356 0.509819209576 569.2 3627.8 574.2 3646.6 538.3 3655.5 533.3 3636.7
P1356 0.487200021744 1712.0 1239.6 1712.0 1252.8 1691.8 1252.8 1691.8 1239.6
P1356 0.479495823383 3948.9 2292.5 3955.1 2315.4 3942.7 2319.3 3936.5 2296.4
P1356 0.47850215435 3010.2 2620.9 3018.8 2644.7 3011.0 2647.4 3002.4 2623.6
P1356 0.473307579756 2550.7 2104.8 2550.7 2121.8 2535.0 2121.8 2535.0 2104.8
P1356 0.472345262766 2039.4 3678.1 2049.5 3694.1 2038.7 3700.9 2028.6 3684.9
P1356 0.471345961094 3329.6 1054.3 3338.2 1065.5 3331.0 1070.6 3322.5 1059.4
P1356 0.467259556055 1247.9 1137.0 1250.8 1152.8 1241.6 1154.2 1238.8 1138.3
P1356 0.465058922768 3222.0 966.2 3225.5 972.5 3208.0 982.0 3204.5 975.8
P1356 0.46488982439 2574.0 291.1 2594.0 295.9 2590.4 304.3 2570.4 299.5
P1356 0.45758792758 3487.4 3583.5 3487.4 3595.6 3470.5 3595.6 3470.5 3583.5
P1356 0.454955816269 323.9 3660.9 329.1 3682.6 311.9 3686.1 306.7 3664.5
P1356 0.447653055191 3287.1 2520.3 3294.7 2545.4 3286.5 2547.8 3278.9 2522.6
P1356 0.444540530443 3352.6 3249.6 3358.3 3262.8 3348.2 3266.8 3342.5 3253.6
P1356 0.435141444206 3386.9 3295.5 3388.1 3303.0 3370.7 3307.7 3369.5 3300.2
P1356 0.433487176895 2971.5 2111.4 2972.5 2119.1 2954.5 2123.2 2953.5 2115.5
P1356 0.419911623001 1870.0 2067.1 1871.6 2078.4 1854.2 2082.0 1852.6 2070.7
P1356 0.419198334217 1406.2 3284.6 1411.4 3303.4 1226.4 3394.6 1221.2 3375.8
P1356 0.417789578438 1473.3 36.1 1473.3 48.1 1450.0 48.1 1450.0 36.1
P1356 0.410751640797 3340.9 3166.9 3343.8 3177.0 3327.2 3182.4 3324.3 3172.3
P1356 0.409362465143 3671.1 74.1 3671.1 89.5 3658.7 89.5 3658.7 74.1
P1356 0.400308400393 2924.6 1985.7 2927.4 1996.5 2912.6 2001.4 2909.8 1990.6
P1356 0.399735599756 3213.5 2798.6 3215.0 2808.3 3198.6 2812.8 3197.0 2803.1
P1356 0.397329628468 1568.3 1714.5 1568.3 1729.4 1556.3 1729.4 1556.3 1714.5
P1356 0.39732003212 1650.8 1024.9 1654.4 1041.6 1643.4 1042.8 1639.8 1026.1
P1356 0.395125031471 1038.4 2514.5 1046.3 2533.3 1038.2 2536.8 1030.3 2517.9
P1356 0.390605807304 1856.1 1353.4 1859.9 1368.6 1850.0 1370.8 1846.2 1355.5
P1356 0.389742612839 62.4 3066.2 62.4 3082.5 52.2 3082.5 52.2 3066.2
P1356 0.386355787516 1776.1 1647.3 1778.1 1658.8 1765.7 1661.5 1763.7 1650.0
P1356 0.386200934649 665.5 2933.5 665.5 2949.2 652.3 2949.2 652.3 2933.5
P1356 0.383613497019 3537.8 3735.0 3539.6 3743.9 3524.0 3748.1 3522.2 3739.2
P1356 0.383369714022 1946.6 260.9 1949.5 276.5 1937.0 278.7 1934.0 263.1
P1356 0.379519939423 2028.6 3659.2 2042.0 3678.8 2025.8 3692.6 2012.4 3673.2
P1356 0.366321563721 3781.4 2348.2 3787.9 2370.1 3767.6 2376.1 3761.0 2354.3
P1356 0.362049430609 1920.7 3273.1 1923.9 3285.1 1908.1 3290.2 1904.9 3278.1
P1356 0.359115809202 2792.4 1595.3 2793.6 1604.0 2779.4 1606.6 2778.2 1597.9
P1356 0.355941295624 3849.8 853.7 3854.8 868.5 3847.1 869.8 3842.1 855.0
P1356 0.349892795086 174.9 147.9 188.9 153.7 181.1 169.4 167.2 163.6
P1356 0.342929750681 3795.4 609.9 3795.4 625.0 3784.1 625.0 3784.1 609.9
P1356 0.34222227335 1532.4 369.4 1534.8 379.1 1520.4 384.4 1518.0 374.7
P1356 0.341396898031 3545.8 973.7 3550.8 987.8 3543.6 989.7 3538.6 975.5
P1356 0.340463221073 2757.8 969.0 2766.0 981.5 2759.3 986.2 2751.1 973.7
P1356 0.337170779705 3405.8 3351.8 3407.5 3361.0 3389.8 3365.5 3388.1 3356.4
P1356 0.336892604828 1850.1 3062.6 1854.4 3080.9 1842.1 3084.3 1837.8 3066.0
P1356 0.324470967054 1801.2 2903.2 1803.3 2912.9 1787.7 2917.1 1785.5 2907.4
P1356 0.324460178614 2671.0 295.6 2671.0 315.6 2660.8 315.6 2660.8 295.6
P1356 0.324191182852 2228.7 1527.0 2231.2 1540.1 2220.8 1542.2 2218.3 1529.1
P1356 0.320915132761 2795.3 3500.0 2799.3 3517.5 2785.3 3520.4 2781.3 3502.9
P1356 0.305324822664 3711.0 2377.9 3715.2 2398.9 3701.4 2402.1 3697.2 2381.1
P1356 0.299652218819 1584.0 604.7 1584.0 616.5 1564.5 616.5 1564.5 604.7
P1356 0.298632383347 3543.7 3096.9 3549.5 3111.7 3541.2 3113.8 3535.5 3099.0
P1356 0.297947347164 3939.1 315.5 3940.2 324.5 3921.4 328.1 3920.3 319.1
P1356 0.292883723974 3145.6 2603.7 3150.3 2619.3 3131.0 2624.7 3126.3 2609.0
P1356 0.291957706213 2052.4 3650.1 2054.5 3660.2 2040.0 3664.9 2037.9 3654.8
P1356 0.290530264378 1317.1 438.1 1321.1 451.8 1310.5 453.7 1306.5 440.0
P1356 0.289107620716 2720.7 1383.9 2722.8 1392.8 2707.5 1396.2 2705.4 1387.3
P1356 0.283865809441 2568.9 1423.4 2571.9 1437.3 2540.1 1445.1 2537.0 1431.2
P1356 0.281797349453 765.2 696.2 786.0 750.4 774.6 755.0 753.8 700.8
P1356 0.274549782276 2766.2 3497.9 2766.2 3523.2 2741.7 3523.2 2741.7 3497.9
P1356 0.270688027143 1735.8 2703.7 1737.9 2712.2 1723.0 2717.6 1720.8 2709.1
P1356 0.261814534664 907.0 2871.3 914.7 2887.3 904.8 2891.7 897.1 2875.7
P1356 0.259621948004 2401.6 3580.8 2401.6 3597.9 2391.9 3597.9 2391.9 3580.8
P1356 0.258564442396 1547.6 378.0 1550.6 392.2 1542.4 393.6 1539.5 379.3
P1356 0.257217794657 1267.9 3473.6 1273.4 3497.3 1264.0 3498.7 1258.5 3475.1
P1356 0.254853397608 2032.3 687.0 2032.3 700.9 2019.0 700.9 2019.0 687.0
P1356 0.253006517887 347.9 3005.3 347.9 3021.4 335.0 3021.4 335.0 3005.3
P1356 0.247716903687 1543.6 366.3 1545.9 379.2 1532.6 382.2 1530.2 369.3
P1356 0.244980201125 2502.6 107.6 2502.6 122.5 2484.6 122.5 2484.6 107.6
P1356 0.243593841791 1916.8 1617.5 1916.8 1633.3 1903.3 1633.3 1903.3 1617.5
P1356 0.242504522204 343.3 1352.7 348.4 1369.8 323.8 1378.7 318.7 1361.5
P1356 0.242007359862 3155.5 749.5 3161.9 762.4 3152.4 766.4 3146.1 753.5
P1356 0.236639678478 3237.4 2360.5 3242.8 2376.8 3232.6 2379.3 3227.2 2363.0
P1356 0.234452605247 1661.7 2469.4 1663.6 2478.2 1646.1 2481.8 1644.2 2473.0
P1356 0.231901079416 1374.8 3149.2 1396.2 3189.2 1386.8 3195.4 1365.4 3155.4
P1356 0.222912982106 1427.2 3266.7 1437.9 3283.0 1417.5 3296.4 1406.7 3280.1
P1356 0.215459063649 1607.8 2356.8 1613.1 2373.0 1603.8 2374.9 1598.5 2358.7
P1356 0.206475391984 3520.2 3709.6 3528.0 3736.4 3514.2 3739.4 3506.4 3712.6
P1356 0.201122507453 1717.6 1358.9 1717.6 1374.7 1705.8 1374.7 1705.8 1358.9
P1356 0.199158862233 3975.3 810.1 3977.6 823.3 3965.1 826.7 3962.7 813.5
P1356 0.192816764116 3395.7 138.7 3395.7 152.7 3385.4 152.7 3385.4 138.7
P1356 0.186079457402 2597.5 1070.5 2603.7 1078.9 2591.5 1085.9 2585.4 1077.4
P1356 0.183411866426 1126.8 498.2 1126.8 513.8 1112.3 513.8 1112.3 498.2
P1356 0.18337212503 3381.8 3321.8 3392.2 3354.0 3379.6 3358.2 3369.0 3326.0
P1356 0.181216791272 3556.0 3829.1 3560.8 3843.5 3551.2 3846.0 3546.5 3831.6
P1370 0.635491967201 3196.6 549.2 3240.6 715.8 3210.6 724.0 3166.6 557.2
P1370 0.204177260399 3098.8 1514.2 3104.7 1530.3 3089.4 1537.0 3083.6 1521.0
P1370 0.18205152452 977.3 1542.3 984.8 1554.2 980.0 1556.6 972.5 1544.7
P1371 0.314770340919 2770.9 1593.3 2783.9 1616.8 2737.4 1642.9 2724.4 1619.4
P1371 0.205335602164 1986.4 2154.4 2001.2 2169.4 1989.8 2191.0 1975.0 2175.8
P1373 0.489342689514 3094.9 2684.3 3094.9 2729.0 3069.6 2729.0 3069.6 2684.3
P1373 0.488906055689 3136.4 3360.6 3139.4 3381.2 3092.1 3387.9 3089.1 3367.3
P1373 0.476979613304 2305.6 3195.0 2341.5 3244.6 2314.6 3264.7 2278.8 3215.1
P1373 0.449213325977 2665.8 3568.8 2682.4 3598.6 2639.0 3621.6 2622.6 3591.8
P1373 0.438290297985 2573.6 3518.8 2592.2 3567.6 2554.8 3579.0 2536.2 3530.2
P1373 0.364075183868 2689.2 3686.3 2690.8 3696.9 2659.6 3702.1 2658.0 3691.5
P1373 0.361767679453 3074.3 2510.3 3091.8 2530.7 3081.4 2541.8 3064.0 2521.5
P1373 0.304386883974 1287.2 2430.2 1301.7 2451.3 1286.1 2463.0 1271.5 2441.9
P1373 0.292218029499 2397.3 2057.0 2409.9 2068.5 2398.9 2082.9 2386.3 2071.4
P1373 0.268348753452 1687.2 2642.5 1698.6 2655.7 1686.6 2666.0 1675.2 2652.8
P1373 0.259402781725 3513.7 3376.5 3522.9 3388.4 3515.6 3393.7 3506.4 3381.8
P1373 0.257275998592 1462.6 2656.7 1475.9 2669.2 1462.6 2683.9 1449.3 2671.5
P1373 0.238943204284 2370.2 1607.1 2373.9 1618.1 2363.2 1620.8 2359.6 1609.8
P1373 0.232629641891 1985.7 1.7 2105.8 168.4 2091.4 178.1 1971.2 11.4
P1373 0.225987717509 1133.0 397.5 1146.2 423.9 1119.7 445.2 1106.5 418.8
P1373 0.214283823967 1310.8 13.6 1329.8 25.0 1320.4 40.4 1301.4 29.0
P1373 0.213640108705 440.4 1390.6 452.4 1410.0 435.7 1420.6 423.7 1401.2
P1373 0.211263075471 2290.7 1348.7 2299.5 1372.0 2287.8 1375.5 2279.0 1352.2
P1373 0.196418210864 1680.8 2628.6 1692.2 2641.8 1673.8 2658.6 1662.4 2645.4
P1373 0.192952230573 2212.6 155.5 2215.4 174.2 2167.3 185.6 2164.4 166.9
P1376 0.205226272345 2558.8 1554.8 2594.0 1588.2 2581.3 1601.6 2546.1 1568.2
P1377 0.29869350791 3006.1 2395.9 3014.6 2409.1 2909.5 2479.8 2901.1 2466.5
P1380 0.411266744137 970.7 3051.8 976.8 3071.2 881.3 3104.1 875.2 3084.7
P1380 0.379110127687 1372.0 2908.6 1382.2 2942.2 1280.1 2975.7 1270.0 2942.0
P1380 0.344970107079 1719.8 3615.2 1728.8 3634.2 1616.0 3690.2 1607.0 3671.4
P1380 0.24859559536 1586.0 3161.9 1594.8 3191.3 1458.7 3234.8 1449.9 3205.4
P1380 0.242132276297 1284.9 3912.1 1289.0 3929.5 1254.8 3939.1 1250.7 3921.6
P1380 0.2044172436 943.9 3078.7 949.8 3095.8 892.0 3116.8 886.2 3099.7
P1384 0.341445088387 5007.7 1186.2 5013.9 1191.6 5004.6 1201.1 4998.5 1195.7
P1384 0.263149082661 5069.1 1239.6 5075.8 1245.8 5063.9 1258.2 5057.2 1252.1
P1384 0.180218070745 2701.0 256.0 2708.6 259.8 2696.8 284.0 2689.2 280.2
P1410 0.384677708149 306.2 3930.4 431.4 4028.5 394.0 4072.9 268.8 3974.7
P1410 0.38003256917 1575.0 2191.5 1674.8 2295.5 1661.4 2308.7 1561.6 2204.6
P1410 0.375885218382 1271.4 2635.8 1350.2 2693.9 1341.9 2703.9 1263.2 2645.8
P1410 0.296416789293 1227.0 2863.2 1227.0 2936.0 1085.6 2936.0 1085.6 2863.2
P1410 0.279879659414 1064.1 2936.4 1064.1 2987.4 1004.0 2987.4 1004.0 2936.4
P1410 0.247123003006 180.0 4023.8 373.4 4156.0 324.4 4224.6 131.0 4092.4
P1410 0.215004086494 1075.9 2998.6 1093.4 3011.1 1031.6 3100.8 1014.1 3088.2
P1410 0.186602711678 640.3 951.7 662.2 969.3 619.9 1020.3 598.0 1002.7
P1410 0.181958496571 2134.2 5234.6 2148.8 5245.6 2109.4 5296.9 2094.8 5286.0
P1432 0.460235029459 606.8 1399.6 685.8 1408.4 680.2 1454.0 601.0 1445.2
P1432 0.316432625055 2374.4 106.4 2381.6 146.1 2301.2 161.3 2294.0 121.6
P1432 0.241624012589 229.8 3018.5 235.3 3040.1 118.4 3074.3 112.9 3052.8
P1471 0.21428860724 269.6 2642.2 269.6 2886.0 171.0 2886.0 171.0 2642.2
P1474 0.211134910583 2327.8 3726.1 2329.3 3735.9 2292.7 3741.9 2291.2 3732.2
P1474 0.192037120461 2887.7 2881.1 2887.7 2892.2 2835.9 2892.2 2835.9 2881.1
P1518 0.267890304327 2720.6 3565.5 2726.2 3573.6 2707.2 3588.6 2701.6 3580.5
P1518 0.246101096272 3865.8 3644.0 3869.2 3668.6 3850.9 3671.0 3847.5 3646.5
P1518 0.217118635774 2596.2 1202.0 2622.8 1213.2 2612.4 1239.4 2585.8 1228.0
P1518 0.207462713122 424.7 3397.0 431.5 3423.5 411.3 3430.9 404.4 3404.4
P1529 0.365509808064 94.8 2815.7 100.9 2845.9 68.6 2853.4 62.4 2823.2
P1529 0.303340852261 1836.7 1088.0 1841.5 1105.0 1799.4 1117.4 1794.5 1100.4
P1529 0.295321524143 3213.8 844.8 3218.2 864.2 3181.6 874.2 3177.2 854.8
P1529 0.268188983202 3173.0 652.6 3178.8 673.4 3140.2 683.6 3134.6 662.8
P1529 0.245825544 3605.1 3979.7 3605.1 3999.7 3583.0 3999.7 3583.0 3979.7
P1529 0.224011167884 2174.6 3117.3 2179.2 3138.7 2157.6 3143.6 2153.0 3122.2
P1529 0.200946107507 778.0 1456.4 785.4 1484.6 736.0 1497.2 728.8 1469.0
P1529 0.196343898773 15.5 2067.8 15.5 2096.3 -4.1 2096.3 -4.1 2067.8
P1529 0.190493166447 3054.5 215.9 3058.6 232.2 3037.8 235.5 3033.7 219.2
P1529 0.190337866545 784.6 1492.4 790.7 1507.8 756.2 1518.6 750.1 1503.2
P1541 0.454080462456 3000.1 1743.4 3011.0 1762.7 2995.8 1772.2 2984.9 1752.9
P1541 0.451370447874 2264.4 2101.3 2277.7 2118.2 2267.7 2126.2 2254.3 2109.4
P1541 0.351859271526 1270.2 2356.2 1295.4 2366.0 1278.8 2419.8 1253.4 2410.0
P1541 0.32430228591 175.9 2814.8 188.7 2872.8 171.2 2877.6 158.4 2819.5
P1541 0.279103010893 1906.8 2400.7 1920.6 2425.2 1905.2 2434.4 1891.4 2409.9
P1541 0.267116189003 280.7 115.5 351.1 297.1 331.9 304.5 261.5 122.9
P1541 0.257477998734 887.2 3438.0 892.0 3459.6 884.1 3461.5 879.3 3439.9
P1541 0.235884770751 1933.4 2485.0 1949.2 2502.6 1898.4 2546.4 1882.6 2528.8
P1541 0.221879318357 251.1 2164.2 251.1 2190.6 223.7 2190.6 223.7 2164.2
P1541 0.198619350791 880.9 3431.4 887.6 3450.1 859.2 3460.2 852.5 3441.5
P1541 0.19584132731 3566.0 3498.8 3583.9 3521.8 3573.4 3530.3 3555.6 3507.3
P1542 0.365541338921 1949.6 3815.0 1972.4 3827.7 1967.0 3836.7 1944.1 3824.0
P1542 0.333722293377 2076.4 2573.9 2087.7 2598.9 2007.4 2637.3 1996.2 2612.2
P1542 0.316657185555 283.0 2515.5 288.0 2530.2 272.9 2535.6 267.9 2521.0
P1542 0.300615280867 1885.1 2214.5 1895.6 2246.3 1879.0 2253.3 1868.5 2221.6
P1542 0.270826786757 1528.9 2934.9 1558.1 2950.5 1515.7 3028.7 1486.5 3013.0
P1542 0.214202880859 1858.0 2663.2 1858.0 2686.8 1815.6 2686.8 1815.6 2663.2
P1542 0.20800241828 1972.4 2431.4 1977.5 2442.2 1943.1 2461.5 1937.9 2450.6
P1542 0.202639117837 228.2 1690.2 247.2 1730.6 229.2 1741.6 210.0 1701.2
P1542 0.198997214437 2038.6 2382.6 2043.4 2401.6 2028.6 2405.9 2023.9 2386.9
P1542 0.189105153084 3179.1 521.5 3206.9 538.6 3201.5 547.3 3173.8 530.2
P1542 0.181974157691 871.5 2605.0 875.3 2617.2 853.0 2623.4 849.2 2611.2
P1547 0.621404767036 1626.2 2652.4 1636.1 2688.9 1585.6 2702.7 1575.7 2666.3
P1547 0.579254686832 1596.0 365.6 1605.6 416.8 1564.6 425.6 1555.0 374.2
P1547 0.424743831158 3164.2 1754.3 3169.0 1781.0 3144.2 1785.1 3139.4 1758.4
P1547 0.31905579567 2171.2 2825.9 2176.8 2853.2 2151.2 2858.2 2145.7 2831.0
P1547 0.314665734768 3234.8 606.0 3234.8 632.0 3207.4 632.0 3207.4 606.0
P1547 0.276620775461 2828.8 3239.2 2836.2 3277.0 2811.4 3279.8 2804.0 3242.0
P1547 0.25386852026 2179.2 3111.2 2184.0 3131.0 2149.8 3136.2 2145.0 3116.2
P1547 0.236775949597 2807.8 122.2 2812.2 151.4 2785.6 155.0 2781.0 125.8
P1547 0.233226686716 3413.2 1416.4 3413.2 1439.4 3381.4 1439.4 3381.4 1416.4
P1547 0.232325538993 2354.4 1074.2 2354.4 1108.8 2329.4 1108.8 2329.4 1074.2
P1547 0.224546477199 3355.2 1151.6 3355.2 1173.2 3327.0 1173.2 3327.0 1151.6
P1547 0.195490658283 2709.2 2697.6 2715.6 2732.2 2690.8 2735.0 2684.2 2700.4
P1547 0.190169066191 3049.4 1211.7 3054.4 1236.0 3026.0 1241.0 3021.1 1216.6
P1547 0.187512367964 1618.4 2681.4 1882.8 3178.0 1848.4 3197.8 1584.0 2701.2
P1547 0.185354217887 2673.2 1015.0 2673.2 1041.2 2648.0 1041.2 2648.0 1015.0
P1557 0.567895054817 541.2 1386.3 551.1 1417.3 519.2 1426.0 509.3 1395.0
P1557 0.477520257235 3513.9 1855.3 3519.9 1880.1 3499.8 1884.7 3493.8 1859.8
P1557 0.458477795124 2431.1 2107.8 2435.4 2130.2 2412.5 2134.8 2408.2 2112.4
P1557 0.269869446754 1872.0 3362.8 1880.0 3394.5 1852.2 3401.3 1844.2 3369.6
P1557 0.182478219271 554.6 1621.0 562.6 1638.2 541.8 1648.4 534.0 1631.4
P1561 0.466463655233 3345.0 3144.6 3358.0 3195.0 3234.6 3232.0 3221.8 3181.6
P1561 0.187902271748 916.3 3808.8 927.9 3845.8 871.8 3867.0 860.1 3830.0
P1561 0.185840755701 4073.6 3331.2 4104.0 3437.8 4078.6 3444.6 4048.0 3338.0
P1566 0.594850003719 1783.7 3520.6 1793.5 3558.1 1747.6 3571.0 1737.7 3533.4
P1566 0.483928531408 1444.3 2647.9 1485.0 2657.0 1480.4 2676.9 1439.7 2667.8
P1566 0.470169395208 1536.1 1810.0 1569.9 1821.3 1564.8 1833.3 1530.9 1821.9
P1566 0.465085625648 1538.9 1779.9 1558.6 1792.3 1553.6 1800.2 1533.9 1787.9
P1566 0.456478059292 1709.7 3323.1 1714.9 3343.3 1678.5 3352.1 1673.3 3331.9
P1566 0.426472216845 880.9 578.7 918.3 584.8 915.1 602.1 877.7 596.0
P1569 0.417991667986 3901.5 1877.8 3915.7 1932.1 3770.8 1974.1 3756.6 1919.8
P1569 0.262546271086 3112.0 1197.4 3153.4 1394.6 3117.8 1403.2 3076.4 1206.0
P1569 0.224560156465 3202.6 1629.0 3213.0 1660.8 3172.2 1676.2 3161.8 1644.2
P1570 0.48315346241 2140.7 440.2 2147.0 474.2 2088.0 485.1 2081.7 451.1
P1570 0.46141898632 2713.6 1027.0 2718.6 1048.4 2671.4 1061.2 2666.4 1040.0
P1570 0.456808179617 3956.9 2479.3 3966.1 2481.1 3958.6 2515.5 3949.4 2513.7
P1570 0.355936527252 3129.5 1690.7 3138.2 1695.3 3122.8 1722.9 3114.2 1718.2
P1570 0.266376137733 3847.8 2534.7 3854.1 2551.1 3820.6 2564.3 3814.3 2547.9
P1570 0.247253760695 3697.0 1296.8 3704.4 1333.6 3624.4 1352.4 3617.0 1315.4
P1570 0.228093758225 3519.8 2385.2 3519.8 2411.8 3506.9 2411.8 3506.9 2385.2
P1573 0.266062617302 3731.4 4669.2 3757.8 4692.4 3744.8 4708.2 3718.2 4685.0
P1573 0.234977096319 1606.8 4321.3 1612.3 4350.2 1597.5 4354.2 1592.0 4325.3
P1573 0.217476189137 3562.2 624.8 3663.2 658.8 3485.8 1159.2 3384.8 1125.0
P1573 0.18487624824 3555.0 1979.4 3572.2 2031.2 3537.4 2043.8 3520.2 1992.2
P1579 0.189888969064 1885.9 1947.1 1901.3 2013.4 1886.4 2016.8 1871.1 1950.5
P1581 0.285081148148 463.9 28.9 470.8 58.8 387.6 80.4 380.7 50.5
P1581 0.223080679774 3831.4 3959.1 3839.4 3982.2 3804.1 3996.8 3796.1 3973.7
P1581 0.198942258954 3768.4 3949.2 3780.0 3988.8 3761.0 3994.0 3749.4 3954.4
P1581 0.182600870728 2575.5 495.2 2603.9 605.7 2573.3 613.2 2544.9 502.6
P1583 0.290855646133 2752.4 2352.9 2771.8 2364.8 2731.3 2427.2 2711.9 2415.3
P1583 0.287876069546 2179.2 187.8 2179.2 218.6 2149.4 218.6 2149.4 187.8
P1583 0.26680123806 1349.4 1193.6 1357.2 1224.4 1330.8 1230.2 1323.0 1199.4
P1583 0.239535823464 3142.6 194.8 3174.6 203.6 3171.2 215.2 3139.0 206.4
P1583 0.216240718961 1180.0 423.2 1180.0 463.8 1146.8 463.8 1146.8 423.2
P1584 0.256810873747 3488.4 4104.6 3497.8 4133.6 3408.4 4168.2 3399.0 4139.4
P1584 0.23642359674 1017.5 2540.1 1024.5 2570.1 1003.0 2575.1 996.0 2545.1
P1584 0.186828255653 1967.4 3148.8 1992.8 3178.2 1978.6 3193.6 1953.2 3164.2
P1586 0.257018238306 1507.0 2819.6 1534.8 2839.8 1523.4 2853.2 1495.6 2833.0
P1586 0.245897144079 1241.7 3433.6 1269.6 3438.5 1266.5 3451.8 1238.6 3446.8
P1596 0.303130954504 1033.2 1157.0 1040.2 1176.0 1008.0 1186.6 1001.0 1167.6
P1596 0.228055492043 3055.9 3686.2 3088.2 3704.9 3085.1 3710.4 3052.8 3691.7
P1596 0.192459896207 1314.2 2200.7 1334.5 2237.0 1322.6 2243.6 1302.3 2207.4
P1596 0.192103758454 3600.0 34.6 3612.4 42.0 3593.4 72.4 3580.8 65.0
P1601 0.334272682667 188.2 2664.6 205.8 2675.4 199.7 2684.9 182.1 2674.1
P1601 0.198899969459 1543.4 1773.4 1562.0 1784.0 1552.0 1803.2 1533.2 1792.6
P1604 0.36494371295 2397.8 858.4 2415.8 903.2 2363.2 925.4 2345.4 880.6
P1604 0.340981096029 2893.6 1314.9 2915.1 1320.5 2909.7 1329.1 2888.3 1323.5
P1604 0.325513392687 2623.8 2454.0 2644.4 2491.6 2630.8 2498.4 2610.4 2461.0
P1604 0.272379130125 543.2 3273.0 555.6 3297.6 535.6 3310.2 523.2 3285.6
P1604 0.253563642502 2681.9 2067.7 2697.6 2075.0 2683.6 2104.0 2667.8 2096.6
P1604 0.246089205146 3506.5 564.9 3506.5 575.5 3489.0 575.5 3489.0 564.9
P1604 0.245638683438 2925.8 1356.0 2925.8 1367.3 2894.4 1367.3 2894.4 1356.0
P1604 0.233957454562 2704.4 2545.2 2739.6 2564.0 2726.8 2582.8 2691.6 2564.2
P1604 0.22258271277 1223.0 33.4 1223.0 53.0 1184.6 53.0 1184.6 33.4
P1604 0.218602389097 1470.4 1094.4 1477.6 1113.4 1449.6 1121.2 1442.4 1102.2
P1604 0.214181348681 551.2 3647.0 561.1 3679.9 501.4 3701.3 491.4 3668.4
P1604 0.202743753791 3216.4 3949.8 3225.4 3989.6 3207.8 3993.6 3198.8 3953.8
P1604 0.183462232351 2843.4 765.6 2843.4 794.8 2812.6 794.8 2812.6 765.6
P1604 0.181852504611 1008.8 1506.8 1017.2 1535.4 999.6 1540.8 991.2 1512.0
P1610 0.651985883713 3445.3 1512.4 3486.4 1590.3 3463.1 1602.9 3422.0 1525.0
P1610 0.54526913166 2099.0 2527.0 2235.8 2547.4 2230.0 2570.0 2093.4 2549.6
P1610 0.43483376503 2087.8 2556.5 2265.4 2582.6 2260.0 2599.7 2082.4 2573.6
P1610 0.412146866322 3557.5 1286.2 3562.9 1300.4 3527.3 1317.5 3521.9 1303.4
P1610 0.393872350454 2207.6 579.6 2222.4 619.4 2201.8 626.0 2186.8 586.2
P1610 0.294198513031 2824.6 2803.6 2861.6 2833.8 2847.8 2851.0 2811.0 2821.0
P1610 0.28987121582 3418.2 491.2 3440.2 527.0 3373.8 573.0 3351.6 537.4
P1610 0.249969989061 3357.7 2077.6 3357.7 2102.5 3269.8 2102.5 3269.8 2077.6
P1610 0.247700110078 2514.9 3978.4 2514.9 4002.0 2448.7 4002.0 2448.7 3978.4
P1610 0.24649246037 2072.6 2550.3 2102.3 2553.3 2099.4 2581.1 2069.7 2578.1
P1610 0.241937220097 2811.6 2827.2 2853.0 2858.6 2843.0 2873.4 2801.8 2842.0
P1610 0.207253426313 898.3 2178.8 922.0 2194.5 913.3 2208.9 889.6 2193.2
P1619 0.539837002754 2637.1 1571.0 2650.6 1596.5 2639.4 1602.1 2625.9 1576.6
P1619 0.456312805414 2648.8 1562.9 2661.7 1588.0 2650.4 1594.1 2637.5 1569.0
P1619 0.401938647032 2501.0 2460.5 2506.1 2542.5 2494.1 2543.7 2489.1 2461.7
P1619 0.355665028095 3298.9 1062.0 3375.6 1080.7 3369.0 1109.7 3292.3 1091.0
P1619 0.311184704304 2944.5 2733.6 2952.9 2764.2 2939.8 2766.8 2931.4 2736.2
P1619 0.248364493251 2522.6 2825.5 2531.6 2857.5 2520.3 2859.7 2511.3 2827.7
P1619 0.23848220706 142.1 3534.3 155.3 3544.0 151.0 3550.3 137.8 3540.6
P1619 0.220857858658 1875.0 1406.0 1912.2 1438.8 1892.6 1466.0 1855.4 1433.0
P1619 0.217142522335 3173.8 3438.4 3179.4 3456.6 3139.0 3468.2 3133.4 3449.8
P1623 0.433671563864 1864.0 3813.1 1881.1 3866.7 1867.8 3871.1 1850.8 3817.6
P1623 0.292579382658 2321.8 3193.4 2340.2 3239.4 2325.0 3245.2 2306.6 3199.2
P1623 0.292065352201 271.2 670.8 284.8 682.8 249.8 731.4 236.2 719.4
P1623 0.253835111856 2131.6 2701.8 2152.4 2759.8 2136.2 2764.0 2115.4 2705.8
P1623 0.230362698436 2373.2 3152.0 2390.6 3182.6 2372.2 3191.8 2354.8 3161.2
P1623 0.214332178235 3709.6 3184.6 3720.6 3210.8 3659.0 3238.0 3648.0 3211.8
P1623 0.207781434059 532.6 1410.9 549.2 1437.6 534.9 1449.0 518.4 1422.3
P1623 0.206952959299 11.2 4194.9 11.2 4265.0 0.7 4265.0 0.7 4194.9
P1623 0.197373703122 232.9 611.6 255.2 625.6 178.8 744.0 156.5 730.0
P1643 0.299357920885 529.8 3392.0 542.0 3421.8 488.4 3448.4 476.4 3418.6
P1643 0.284319519997 1702.5 2349.0 1719.8 2418.2 1702.2 2422.8 1684.8 2353.6
P1643 0.276680082083 3598.1 1536.3 3609.2 1567.8 3597.3 1571.9 3586.2 1540.4
P1643 0.22059315443 386.2 2848.0 386.2 2887.8 356.8 2887.8 356.8 2848.0
P1643 0.191679641604 3115.8 1853.6 3126.6 1890.2 3099.2 1897.6 3088.4 1861.0
P1647 0.546836733818 354.9 2460.1 380.9 2543.6 352.2 2552.3 326.3 2468.8
P1647 0.532665967941 1472.7 3634.0 1479.1 3659.4 1418.6 3674.7 1412.2 3649.4
P1647 0.523430943489 681.1 2611.9 698.0 2698.2 668.3 2703.9 651.4 2617.6
P1647 0.511167287827 314.8 2445.4 343.4 2533.3 314.0 2542.5 285.5 2454.6
P1647 0.403975963593 2641.4 2817.6 2641.4 2881.7 2626.6 2881.7 2626.6 2817.6
P1647 0.27202925086 3574.0 798.3 3586.5 806.3 3567.0 837.0 3554.6 829.0
P1647 0.246167883277 3635.6 447.6 3662.4 462.2 3653.6 487.2 3627.0 472.6
P1647 0.237332865596 1482.6 3678.6 1484.6 3687.2 1425.3 3700.5 1423.3 3691.9
P1647 0.235119640827 936.6 2824.8 969.8 2847.0 943.4 2864.0 910.2 2842.0
P1647 0.224772721529 690.2 113.2 748.8 348.6 712.0 358.2 653.6 123.0
P1647 0.212590441108 3687.6 460.8 3687.6 490.6 3665.0 490.6 3665.0 460.8
P1647 0.193862557411 947.3 2806.1 947.3 2829.5 872.9 2829.5 872.9 2806.1
P1647 0.190573260188 420.0 2774.2 450.0 2876.0 421.2 2883.4 391.2 2781.6
P1647 0.187230080366 2095.6 2024.3 2101.8 2051.3 2068.8 2059.6 2062.6 2032.6
P1650 0.193751066923 2439.2 2750.0 2439.2 2791.8 2401.2 2791.8 2401.2 2750.0
P1650 0.181012839079 705.8 2010.6 713.7 2014.9 704.8 2030.8 696.9 2026.5
P1651 0.651131212711 1986.6 605.5 1993.8 634.0 1921.5 653.3 1914.3 624.9
P1651 0.580018281937 3522.2 2978.8 3541.2 3000.8 3491.0 3045.8 3472.0 3023.8
P1651 0.579416394234 2562.8 1689.6 2571.2 1718.8 2497.4 1739.8 2489.1 1710.6
P1651 0.548827588558 2682.7 1926.1 2693.0 1946.6 2642.8 1973.6 2632.4 1953.1
P1651 0.528535723686 2032.7 680.8 2046.6 712.2 1971.9 746.8 1958.0 715.5
P1651 0.491896539927 3575.2 3038.2 3596.4 3049.2 3570.6 3113.8 3549.2 3102.8
P1651 0.43394574523 616.7 3011.7 631.4 3067.0 610.9 3072.6 596.2 3017.3
P1651 0.386548191309 2700.6 1959.0 2703.2 1966.8 2649.2 1996.0 2646.6 1988.0
P1651 0.323527961969 1467.1 905.7 1501.3 1009.5 1473.5 1018.6 1439.3 914.8
P1651 0.225188300014 592.0 3021.6 608.4 3057.6 586.0 3067.6 569.6 3031.8
P1651 0.204088166356 1202.9 1043.1 1206.3 1062.5 1144.6 1074.1 1141.2 1054.6
P1651 0.202426701784 3271.8 1514.2 3281.0 1550.6 3268.2 1553.4 3259.0 1517.0
P1651 0.196736901999 3624.0 3091.4 3630.2 3096.8 3601.4 3127.0 3595.2 3121.6
P1651 0.183431535959 128.5 1120.1 146.4 1197.6 114.9 1204.2 97.0 1126.7
P1666 0.205053433776 617.0 2048.1 627.2 2055.3 617.5 2067.8 607.4 2060.6
P1666 0.200966984034 1852.2 743.8 1919.6 748.4 1917.4 768.0 1850.0 763.6
P1672 0.39851975441 2441.2 930.6 2470.4 944.6 2464.2 965.2 2435.2 951.2
P1672 0.295301169157 2005.6 361.4 2019.0 373.0 2013.8 379.8 2000.4 368.2
P1672 0.277690887451 2567.2 1492.4 2585.8 1502.4 2575.4 1524.8 2556.8 1514.8
P1672 0.251554369926 2448.0 919.6 2476.4 927.0 2471.2 944.0 2442.8 936.6
P1672 0.248835995793 1682.1 702.8 1711.4 738.7 1698.8 748.7 1669.5 712.9
P1672 0.238987654448 2223.4 1192.4 2232.6 1226.8 2218.2 1232.0 2209.0 1197.6
P1672 0.224953383207 1575.4 123.8 1636.8 188.6 1618.8 205.4 1557.6 140.6
P1672 0.218825250864 1034.6 663.8 1045.2 694.0 1006.0 703.0 995.4 672.8
P1672 0.195228025317 1674.6 703.6 1681.2 730.2 1485.4 777.0 1478.8 750.4
P1672 0.189092367887 2136.2 847.6 2156.0 881.6 2143.0 888.8 2123.4 854.8
P1679 0.468765228987 259.5 1011.7 268.6 1025.0 224.6 1056.5 215.5 1043.2
P1679 0.460826098919 1003.9 3726.5 1003.9 3869.4 968.9 3869.4 968.9 3726.5
P1679 0.294121563435 759.3 4817.7 762.7 4839.4 716.5 4846.2 713.2 4824.4
P1679 0.291070371866 1641.8 1802.3 1681.4 1821.3 1674.5 1834.3 1634.8 1815.3
P1679 0.281857132912 1178.6 3538.6 1209.0 3553.8 1198.6 3574.0 1168.0 3558.8
P1679 0.276120454073 41.0 3737.0 61.2 3862.6 16.6 3869.4 -3.6 3743.8
P1679 0.263084679842 712.2 488.3 733.2 538.4 636.1 580.4 615.1 530.4
P1679 0.257544130087 82.6 1692.5 95.0 1707.2 82.3 1718.8 69.8 1704.0
P1679 0.248225152493 187.4 4114.0 195.0 4139.2 156.2 4150.6 148.8 4125.4
P1679 0.243429511786 633.1 1776.4 655.9 1797.2 619.8 1836.6 597.0 1815.8
P1679 0.234792754054 1231.4 1844.9 1247.1 1906.5 1228.2 1910.8 1212.6 1849.2
P1679 0.234561681747 3867.7 4500.6 3882.0 4512.9 3856.0 4551.5 3841.7 4539.2
P1679 0.233371302485 598.2 529.8 602.6 597.0 401.6 612.4 397.2 545.2
P1679 0.226312458515 694.5 4677.1 711.6 4750.6 694.0 4754.9 676.9 4681.4
P1679 0.204317063093 559.2 1660.4 613.0 1738.8 555.2 1773.4 501.6 1694.8
P1679 0.2015299052 114.4 280.4 291.4 509.4 246.6 544.2 69.6 315.0
P1679 0.195351853967 690.6 4648.6 771.2 4710.6 756.8 4725.8 676.2 4663.6
P1679 0.185693696141 442.1 3080.6 442.1 3100.1 393.8 3100.1 393.8 3080.6
P1693 0.410991281271 3806.3 1297.4 3808.4 1323.1 3725.2 1331.4 3723.1 1305.7
P1693 0.274993270636 3563.7 2094.6 3563.7 2126.0 3488.3 2126.0 3488.3 2094.6
P1693 0.204865098 1805.5 3435.9 1823.4 3446.6 1790.3 3504.3 1772.4 3493.6
P1693 0.197839006782 2003.8 3137.8 2032.8 3152.8 2019.6 3190.4 1990.4 3175.4
P1699 0.248208925128 111.2 583.0 137.4 608.2 121.2 624.2 95.0 599.0
P1699 0.202619194984 1339.5 3959.3 1356.9 4013.2 1336.6 4020.8 1319.2 3966.8
P1699 0.183487191796 4101.0 2014.7 4129.4 2027.0 4121.0 2045.6 4092.7 2033.4
P1700 0.517889797688 478.8 1314.6 521.4 1369.6 503.0 1384.0 460.4 1328.8
P1700 0.483959406614 3083.3 452.0 3090.7 486.4 3079.3 488.7 3071.9 454.3
P1700 0.460476905107 3326.0 658.5 3345.2 750.3 3333.2 753.4 3314.0 661.5
P1700 0.427445441484 3457.1 350.9 3465.0 368.9 3457.5 372.5 3449.7 354.4
P1700 0.395873039961 3523.5 319.1 3529.2 337.7 3519.0 341.3 3513.3 322.7
P1700 0.393811017275 3588.0 304.5 3593.2 321.3 3584.4 323.7 3579.2 306.8
P1700 0.301380902529 3823.2 239.7 3830.2 255.3 3821.2 259.6 3814.1 244.0
P1700 0.29021281004 2456.7 639.1 2456.7 668.3 2444.3 668.3 2444.3 639.1
P1700 0.286023795605 3785.6 251.4 3791.0 269.7 3779.4 273.0 3774.1 254.7
P1700 0.280729085207 1264.7 657.0 1284.4 673.8 1276.0 683.2 1256.2 666.4
P1700 0.278799533844 3913.6 200.3 3921.3 216.9 3913.1 220.9 3905.4 204.3
P1700 0.253702700138 3852.1 228.2 3858.5 245.9 3848.3 249.7 3841.9 231.9
P1700 0.245891153812 1279.4 3355.1 1291.2 3388.2 1275.8 3393.4 1264.0 3360.3
P1700 0.222208991647 3978.6 180.7 3984.2 194.4 3976.2 197.7 3970.7 183.9
P1700 0.208054423332 2953.2 3004.4 2953.2 3021.4 2911.2 3021.4 2911.2 3004.4
P1700 0.185200795531 3769.4 2876.6 3769.4 2909.2 3742.4 2909.2 3742.4 2876.6
P1713 0.25114941597 3069.6 2895.2 3093.0 2906.0 3082.6 2934.8 3059.2 2924.0
P1720 0.415560871363 3083.5 1161.3 3103.7 1176.9 3001.0 1322.8 2980.8 1307.1
P1732 0.261610865593 2425.8 1401.4 2455.4 1418.6 2415.2 1486.4 2385.6 1469.4
P1732 0.239838153124 3406.5 360.0 3406.5 395.1 3390.9 395.1 3390.9 360.0
P1732 0.195018097758 2704.6 3129.0 2725.0 3137.2 2711.4 3167.8 2691.2 3159.6
P1732 0.19043622911 432.0 3215.1 481.4 3275.6 460.6 3292.7 411.2 3232.2
P1738 0.355474621058 1642.6 1844.4 1706.4 2190.8 1677.4 2195.6 1613.4 1849.2
P1738 0.328199237585 3657.8 3185.4 3686.6 3606.0 3649.6 3606.6 3620.6 3186.0
P1738 0.312598198652 1659.1 1858.2 1712.7 2093.4 1689.2 2097.7 1635.5 1862.5
P1738 0.237544059753 3100.0 1027.4 3126.4 1044.8 3052.6 1155.4 3026.2 1138.0
P1738 0.200879633427 1738.9 2485.2 1852.7 2934.0 1809.5 2942.8 1695.8 2494.0
P1738 0.192321226001 3621.1 1002.7 3661.9 1015.1 3655.4 1033.0 3614.6 1020.6
P1738 0.184103861451 672.2 776.2 690.7 808.2 683.5 811.8 665.0 779.9
P1742 0.427577733994 3874.0 3222.8 3874.0 3332.7 3845.8 3332.7 3845.8 3222.8
P1742 0.345027267933 621.8 3925.6 630.7 3952.2 566.4 3974.8 557.5 3948.1
P1742 0.28387221694 3432.9 3920.9 3470.5 3931.6 3460.2 3963.7 3422.6 3953.0
P1742 0.245650708675 2209.1 3407.0 2213.3 3429.1 2201.3 3430.3 2197.1 3408.3
P1742 0.242506712675 497.8 1933.5 507.5 1963.0 450.6 1982.6 440.9 1953.0
P1742 0.228681251407 1493.8 3148.0 1505.6 3173.0 1458.6 3196.4 1446.8 3171.4
P1742 0.218985840678 3771.1 266.3 3787.8 306.5 3768.7 314.8 3752.1 274.6
P1742 0.215881064534 2326.7 2842.7 2364.3 3079.0 2349.8 3081.4 2312.2 2845.1
P1742 0.211463660002 544.0 3193.3 551.5 3217.9 499.9 3235.2 492.5 3210.6
P1742 0.20746743679 3896.0 3113.6 3896.0 3136.8 3841.2 3136.8 3841.2 3113.6
P1742 0.19905269146 1689.0 3545.1 1696.5 3576.2 1682.6 3579.7 1675.1 3548.7
P1749 0.416434407234 1047.8 618.5 1101.3 660.7 1092.3 672.0 1038.9 629.8
P1749 0.400785535574 539.7 166.5 551.1 198.0 534.7 204.4 523.3 172.9
P1749 0.382251679897 3028.6 3856.4 3045.8 3883.8 3029.2 3894.2 3012.0 3866.8
P1749 0.276191353798 3401.1 2347.8 3408.2 2364.3 3379.2 2376.4 3372.1 2359.9
P1749 0.251101136208 788.2 747.4 815.0 765.2 802.6 781.8 776.0 763.8
P1749 0.243884041905 1864.7 2990.5 1864.7 3005.6 1835.5 3005.6 1835.5 2990.5
P1751 0.54003995657 2678.0 2159.6 2756.0 2362.0 2723.0 2374.8 2645.0 2172.4
P1751 0.403992831707 259.4 3798.0 340.4 3895.8 309.6 3921.2 228.6 3823.6
P1751 0.399695962667 2662.4 2158.6 2679.2 2194.8 2660.0 2201.2 2643.2 2165.0
P1751 0.389005154371 2676.6 2148.4 2695.2 2192.8 2675.8 2198.4 2657.4 2154.0
P1751 0.273348838091 192.0 3768.9 205.6 3776.7 188.3 3811.4 174.6 3803.7
P1751 0.267563611269 181.1 3910.7 275.8 3989.2 262.6 4005.0 167.9 3926.4
P1751 0.248760059476 3302.2 3464.4 3309.8 3497.0 3235.0 3518.0 3227.4 3485.4
P1751 0.191366538405 3350.5 3630.8 3361.0 3651.9 3308.8 3677.5 3298.3 3656.3
P1752 0.592601060867 649.8 1334.8 738.0 1418.2 704.4 1455.8 616.2 1372.4
P1752 0.447125911713 1673.7 3293.7 1675.8 3312.2 1626.3 3318.5 1624.2 3300.0
P1752 0.405455082655 2859.6 899.6 2965.4 1113.6 2941.8 1123.6 2836.0 909.6
P1752 0.26633694768 868.7 2526.0 868.7 2551.1 839.6 2551.1 839.6 2526.0
P1752 0.232107907534 2627.6 1361.6 2645.8 1408.6 2629.4 1414.8 2611.2 1367.8
P1752 0.212524712086 1004.5 3624.0 1048.6 3654.1 1039.6 3668.0 995.4 3637.9
P1754 0.253326803446 268.4 -9.0 308.2 21.5 296.4 36.8 256.6 6.3
P1754 0.203534409404 939.0 444.0 1017.7 486.4 1009.0 503.6 930.3 461.2
P1754 0.198648527265 878.2 4925.2 878.2 4944.5 797.4 4944.5 797.4 4925.2
P1759 0.188180044293 2613.8 2084.4 2633.6 2098.0 2609.2 2131.8 2589.4 2118.2
P1763 0.250430881977 2153.0 2142.4 2186.6 2152.6 2175.6 2202.8 2142.0 2192.8
P1770 0.558068573475 1447.4 4013.4 1501.4 4051.6 1472.8 4093.8 1419.0 4055.4
P1770 0.490815132856 2015.2 3819.7 2038.1 3824.1 2029.9 3864.6 2007.0 3860.2
P1770 0.356506109238 3889.2 132.9 3892.0 154.0 3867.1 157.9 3864.3 136.8
P1770 0.296177774668 3618.7 2309.3 3624.8 2332.5 3585.5 2343.2 3579.4 2320.0
P1770 0.246284857392 1869.2 1627.4 1875.8 1655.4 1865.4 1660.8 1858.8 1633.0
P1770 0.245606660843 2546.9 3997.0 2546.9 4022.0 2529.9 4022.0 2529.9 3997.0
P1770 0.232337012887 2202.8 4846.7 2202.8 4896.7 2184.5 4896.7 2184.5 4846.7
P1770 0.207217812538 1118.8 4447.2 1150.4 4469.2 1099.0 4541.4 1067.6 4519.4
P2256 0.622189164162 2183.0 900.0 2184.0 913.1 2133.4 919.3 2132.3 906.3
P2256 0.618694782257 1001.9 1060.8 1003.2 1073.5 953.4 1079.5 952.1 1066.8
P2256 0.58375108242 3115.6 724.2 3118.9 738.6 3032.2 759.4 3028.9 744.9
P2256 0.553931593895 3715.2 585.0 3719.0 603.4 3494.2 652.8 3490.4 634.6
P2256 0.536447405815 4358.9 438.1 4361.9 452.0 4272.5 472.2 4269.4 458.3
P2256 0.526677131653 3731.6 597.4 3734.8 615.0 3510.6 663.8 3507.4 646.4
P2256 0.501660227776 2186.1 919.6 2187.4 932.5 2137.5 938.6 2136.2 925.6
P2256 0.487883806229 1002.0 1079.7 1002.5 1092.2 954.6 1099.3 954.0 1086.8
P2256 0.462257862091 3121.9 742.7 3125.1 756.4 3041.2 775.8 3038.0 762.1
P2256 0.448027729988 1902.8 938.6 1900.8 950.2 1242.8 1042.8 1244.6 1031.2
P2256 0.402223467827 4357.0 461.2 4359.6 473.1 4282.5 486.2 4280.0 474.3
P2256 0.377234727144 1602.8 998.3 1602.9 1006.7 1249.5 1057.6 1249.4 1049.2
P2256 0.373831003904 491.5 1109.4 508.3 1174.5 488.9 1178.0 472.1 1113.0
P2256 0.222822129726 76.5 1367.5 83.8 1387.3 8.0 1417.2 0.7 1397.4
P2286 0.236168056726 1617.8 1393.4 1620.0 1406.6 1359.6 1530.4 1357.2 1517.2
P2331 0.590984284878 522.2 645.4 546.6 687.4 383.8 789.0 359.4 747.0
P2331 0.563433766365 2081.0 602.1 2081.0 627.6 2010.9 627.6 2010.9 602.1
P2331 0.528551220894 2080.0 996.4 2080.0 1042.2 1992.4 1042.2 1992.4 996.4
P2331 0.51173633337 934.2 746.1 1093.2 787.1 1086.0 817.7 927.0 776.7
P2331 0.458041965961 2087.4 1150.4 2105.4 1165.2 2051.4 1241.8 2033.6 1227.2
P2331 0.428804844618 2084.1 443.8 2084.1 457.8 2031.1 457.8 2031.1 443.8
P2331 0.428290396929 131.2 56.8 147.8 66.2 53.8 253.4 37.2 244.0
P2331 0.399614542723 2089.0 1220.6 2108.6 1233.4 2065.8 1296.8 2046.2 1284.0
P2331 0.393756389618 2195.7 1494.5 2197.9 1505.1 2152.2 1517.3 2150.0 1506.6
P2331 0.39213886857 592.6 750.0 848.4 1093.8 823.4 1112.8 567.6 769.2
P2331 0.353753805161 337.3 474.4 503.4 570.1 491.0 592.9 324.9 497.2
P2331 0.348323225975 2029.1 928.9 2084.2 944.3 2078.1 964.3 2023.1 948.8
P2331 0.326445996761 2013.2 805.8 2054.0 832.8 2044.0 849.6 2003.2 822.6
P2331 0.28400555253 999.2 1232.7 1055.6 1297.1 1045.0 1306.4 988.5 1242.0
P2331 0.273875057697 1005.6 631.6 1089.7 664.2 1078.3 693.4 994.2 660.8
P2331 0.246713086963 1261.0 1107.0 1281.9 1121.9 1238.5 1184.1 1217.5 1169.2
P2331 0.236464589834 2616.3 28.4 2616.3 38.7 2587.9 38.7 2587.9 28.4
P2331 0.223300516605 2030.2 760.4 2030.2 800.6 2005.8 800.6 2005.8 760.4
P2331 0.22309525311 557.4 1003.9 630.4 1037.0 621.9 1056.2 548.9 1023.1
P2331 0.214108541608 874.7 856.5 876.6 863.3 833.2 882.6 831.4 875.8
P2331 0.207779377699 1261.5 967.4 1269.8 985.2 1222.2 1005.8 1213.8 987.9
P2331 0.202778667212 30.3 -0.4 46.6 5.9 30.5 44.1 14.2 37.9
P2331 0.184651628137 2007.2 839.4 2060.8 852.8 2049.2 896.8 1995.6 883.4
P2337 0.481457918882 249.0 2111.3 249.0 2164.9 146.7 2164.9 146.7 2111.3
P2337 0.204801678658 2342.2 2353.7 2347.5 2385.6 2167.7 2418.4 2162.4 2386.5
P2342 0.358362317085 1706.7 1592.6 1706.7 1715.5 1645.2 1715.5 1645.2 1592.6
P2351 0.566713094711 891.2 1139.1 948.6 1157.3 943.9 1171.5 886.4 1153.3
P2351 0.305284976959 689.1 648.3 693.3 654.5 667.1 675.5 662.9 669.3
P2351 0.291293144226 564.5 262.4 618.3 309.0 591.8 341.3 538.0 294.7
P2363 0.541008472443 2082.6 1636.9 2099.8 1678.5 1932.1 1753.7 1914.8 1712.0
P2363 0.501190423965 2102.6 1708.2 2126.6 1745.0 2000.8 1828.6 1976.8 1791.8
P2363 0.452983766794 981.3 1733.0 1049.8 1796.3 1030.5 1817.2 962.0 1753.9
P2363 0.405482381582 571.8 64.8 591.4 79.9 559.2 122.7 539.6 107.7
P2363 0.384252160788 1009.8 1556.5 1039.5 1566.3 1033.3 1584.9 1003.5 1575.1
P2363 0.342608600855 1519.4 1509.8 1527.2 1559.0 1513.4 1561.8 1505.6 1512.4
P2363 0.341907680035 1279.4 840.9 1286.9 848.5 1262.3 874.7 1254.8 867.1
P2363 0.267325818539 1275.6 892.8 1334.5 941.1 1320.5 958.5 1261.7 910.2
P2363 0.237653568387 1080.5 1830.1 1100.5 1848.0 1092.7 1856.7 1072.8 1838.8
P2365 0.350371658802 998.0 1831.2 1159.2 2166.2 1107.0 2191.6 945.8 1856.6
P2365 0.34717848897 2066.7 454.2 2150.9 585.1 2129.8 597.4 2045.7 466.6
P2365 0.332788616419 633.3 1153.6 858.7 1576.9 818.9 1594.2 593.5 1170.8
P2365 0.308718770742 2416.2 982.3 2520.0 1153.3 2498.4 1165.6 2394.5 994.6
P2365 0.28610727191 1505.4 1869.1 1647.0 2097.6 1610.8 2118.8 1469.2 1890.2
P2365 0.218032553792 2601.6 160.0 2601.8 165.4 2526.0 213.2 2525.8 207.6
P2365 0.216986969113 1002.2 1100.0 1235.8 1487.4 1183.4 1514.8 949.8 1127.4
P2365 0.188463151455 914.0 991.4 1023.4 1170.8 984.0 1191.4 874.6 1012.0
P2374 0.48893904686 492.2 141.6 670.6 194.4 666.6 205.4 488.0 152.6
P2374 0.201321586967 681.9 199.9 768.7 231.2 762.1 251.3 675.3 220.0
P2375 0.291558712721 706.8 532.9 714.0 552.4 656.7 574.0 649.5 554.5
P2385 0.40716868639 1264.2 1453.8 1376.0 1715.2 1353.2 1721.4 1241.4 1460.0
P2385 0.379637628794 1601.4 1277.8 1625.0 1280.0 1557.6 1626.2 1533.8 1624.0
P2385 0.329114735126 194.6 1462.0 203.7 1500.3 194.4 1501.7 185.3 1463.4
P2385 0.319331765175 1627.6 1221.3 1646.6 1225.2 1638.4 1254.5 1619.3 1250.6
P2385 0.247532531619 430.9 1483.3 460.4 1503.9 454.5 1512.2 425.0 1491.6
P2385 0.222011014819 23.9 1778.0 82.1 1798.0 76.1 1817.4 17.9 1797.4
P2393 0.430506378412 773.8 495.2 1214.8 683.2 1187.0 742.8 745.8 554.8
P2393 0.428351253271 529.8 913.7 604.7 939.8 586.1 993.9 511.2 967.8
P2393 0.403086215258 893.0 1038.6 1336.4 1194.4 1314.4 1239.6 870.8 1083.8
P2393 0.377619862556 1502.6 1257.4 1800.4 1360.2 1781.1 1407.9 1483.3 1305.1
P2393 0.235445082188 1500.6 796.8 2024.7 985.2 2009.5 1023.3 1485.4 834.9
P2393 0.226765781641 901.3 492.8 924.6 560.0 903.3 567.4 880.0 500.1
P2393 0.180045381188 751.8 560.3 772.3 580.1 604.8 779.7 584.3 759.9
P2394 0.509233057499 1644.9 102.0 1663.9 121.6 1650.5 134.8 1631.4 115.2
P2394 0.380273342133 919.4 1556.2 919.4 1567.8 892.5 1567.8 892.5 1556.2
P2394 0.369452238083 843.2 1255.3 844.2 1265.9 808.9 1270.6 808.0 1260.0
P2394 0.188069358468 1052.7 668.1 1068.4 674.9 1063.6 688.1 1047.9 681.3
P2404 0.57130241394 2040.0 888.3 2047.9 985.7 2019.0 987.6 2011.1 890.2
P2404 0.568930387497 2658.0 1931.7 2671.5 1953.0 2602.0 2000.4 2588.5 1979.2
P2404 0.548242092133 3993.4 3007.8 4013.4 3089.2 3969.2 3099.6 3949.2 3018.2
P2404 0.512351036072 4467.2 3078.7 4479.7 3087.9 4433.5 3149.9 4421.1 3140.7
P2404 0.511046409607 2771.4 2054.4 2782.8 2071.4 2724.2 2112.4 2712.8 2095.4
P2404 0.5074172616 4790.4 190.8 4801.0 212.5 4781.9 221.5 4771.3 199.9
P2404 0.507205367088 2716.0 1961.2 2743.4 2001.6 2637.6 2078.6 2610.4 2038.2
P2404 0.506543934345 3138.4 777.6 3159.4 791.1 3152.5 802.5 3131.5 789.1
P2404 0.503712177277 1331.4 566.6 1345.0 587.6 1252.8 658.2 1239.2 637.4
P2404 0.500189304352 2518.7 1385.1 2529.3 1432.3 2453.7 1450.8 2443.1 1403.6
P2404 0.463080763817 2617.4 883.3 2630.7 911.4 2579.4 936.4 2566.0 908.3
P2404 0.433560311794 4013.8 3010.0 4027.0 3080.0 4008.6 3082.8 3995.6 3012.8
P2404 0.374008089304 1609.2 1009.4 1655.2 1018.4 1651.0 1033.8 1605.0 1024.8
P2404 0.362488269806 2342.4 2936.0 2472.2 2980.2 2467.0 2998.2 2337.0 2954.0
P2404 0.304893702269 3064.7 2493.4 3069.5 2503.1 3027.5 2526.3 3022.7 2516.6
P2404 0.276654869318 3549.4 672.3 3569.3 690.2 3559.8 700.9 3539.9 682.9
P2404 0.269745886326 4212.4 4.6 4219.4 31.0 4195.0 37.6 4188.0 11.2
P2404 0.231422543526 3005.7 2506.5 3016.9 2534.4 3006.3 2538.0 2995.1 2510.1
P2404 0.197664707899 2030.5 2703.0 2043.6 2716.6 2004.5 2756.5 1991.3 2743.0
P2404 0.182200849056 3084.5 3084.3 3102.7 3087.5 3088.1 3160.0 3069.9 3156.8
P2429 0.483640104532 747.8 501.2 991.0 531.2 987.4 559.0 744.2 529.0
P2429 0.441511720419 503.8 2386.5 523.0 2400.5 516.4 2409.9 497.2 2395.9
P2429 0.386113166809 893.2 1544.2 896.8 1573.2 682.8 1583.8 679.4 1554.8
P2429 0.24672062695 1001.0 535.1 1026.2 540.7 1020.1 564.9 994.9 559.4
P2429 0.214848086238 1212.2 460.0 1212.2 475.4 1116.0 475.4 1116.0 460.0
P2429 0.191304951906 897.8 1521.4 900.8 1543.8 677.2 1557.8 674.4 1535.4
P2450 0.359953612089 1001.0 1636.6 1006.3 1676.5 987.5 1679.0 982.2 1639.1
P2478 0.184666350484 285.6 347.8 296.2 362.0 286.7 368.5 276.1 354.4
P2504 0.607122600079 676.8 1647.0 700.6 1679.2 651.2 1716.4 627.4 1684.2
P2504 0.487294107676 342.2 1444.6 347.9 1485.1 333.1 1487.1 327.4 1446.6
P2504 0.359605461359 1550.5 2072.0 1553.6 2078.5 1534.8 2088.9 1531.8 2082.4
P2504 0.332432299852 706.1 1690.9 715.5 1705.5 681.2 1729.5 671.8 1714.9
P2504 0.291884869337 1371.4 1487.3 1375.3 1491.1 1359.4 1509.1 1355.5 1505.3
P2504 0.243231028318 512.3 1000.8 512.3 1027.7 501.3 1027.7 501.3 1000.8
P2539 0.272905617952 1181.8 1417.3 1187.2 1422.7 1175.1 1433.6 1169.7 1428.3
P2539 0.18102248013 1298.5 1542.4 1305.7 1555.1 1287.7 1566.4 1280.5 1553.7
P2541 0.561094820499 188.3 1920.3 222.0 1922.9 215.3 1995.6 181.6 1993.0
P2541 0.510292232037 1264.2 1725.4 1264.2 1748.4 1176.4 1748.4 1176.4 1725.4
P2541 0.469089537859 1050.2 1886.2 1082.2 1935.6 1073.5 1941.0 1041.5 1891.6
P2541 0.422512799501 2411.2 817.5 2430.2 826.0 2396.9 898.5 2377.9 889.9
P2542 0.549940884113 804.0 24.0 806.6 34.8 774.7 43.1 772.2 32.2
P2542 0.216875836253 341.5 884.7 364.2 901.0 359.9 904.7 337.1 888.4
P2645 0.552318513393 1753.4 3082.2 1799.8 3116.1 1787.6 3133.3 1741.2 3099.4
P2645 0.474717855453 1711.4 3120.2 1766.4 3166.6 1752.8 3182.0 1697.8 3135.6
P2645 0.459596157074 3226.5 2910.1 3287.9 2953.9 3280.7 2962.7 3219.3 2918.9
P2645 0.434042543173 1733.5 3111.8 1773.4 3142.9 1765.8 3151.3 1725.9 3120.2
P2645 0.42433899641 1779.6 3063.4 1815.3 3088.7 1809.2 3095.7 1773.6 3070.5
P2645 0.398367404938 1766.2 3066.2 1808.8 3100.6 1795.6 3116.6 1753.2 3082.2
P2645 0.39724445343 1584.2 3334.3 1626.2 3365.4 1611.7 3385.6 1569.7 3354.5
P2645 0.283945202827 3048.8 3167.4 3104.0 3208.4 3089.8 3228.8 3034.6 3187.8
P2645 0.238946989179 1568.7 3367.2 1606.7 3392.0 1595.4 3408.6 1557.4 3383.8
P2645 0.220272734761 3605.0 1328.2 3621.8 1402.5 3584.0 1411.7 3567.2 1337.3
P2678 0.368409365416 3915.0 1571.2 3920.0 1585.4 3853.4 1604.6 3848.2 1590.4
P2678 0.278436362743 3914.6 1630.4 3936.0 1669.6 3837.0 1719.6 3815.6 1680.4
P2678 0.208418995142 3638.8 1817.8 3654.9 1852.7 3631.4 1865.8 3615.2 1830.9
P2689 0.444421172142 5341.8 821.1 5598.7 828.3 5597.9 854.6 5340.9 847.3
P2689 0.344268858433 6081.4 1726.6 6091.8 1753.4 5938.2 1801.2 5927.6 1774.4
P2689 0.323311775923 5549.6 834.1 5876.5 840.8 5874.3 865.9 5547.5 859.3
P2695 0.574780106544 1050.1 592.2 1082.8 668.4 1050.1 683.6 1017.4 607.4
P2695 0.497093737125 206.7 980.5 223.5 1026.5 190.2 1039.8 173.4 993.8
P2695 0.295129328966 1921.6 220.8 1942.4 272.2 1911.6 283.2 1890.8 232.0
P2695 0.267826408148 238.8 966.9 291.5 993.2 285.7 1004.7 233.0 978.3
P2695 0.247933238745 1555.9 1439.8 1574.9 1487.2 1561.4 1491.8 1542.4 1444.4
P2701 0.340892583132 1850.8 2379.4 1866.7 2389.2 1856.2 2403.7 1840.3 2393.9
P2701 0.228898391128 114.0 297.7 124.2 303.1 105.9 338.1 95.7 332.6
P2701 0.184155747294 108.6 281.5 122.5 290.7 118.6 297.6 104.6 288.4
P2701 0.180926442146 237.9 21.0 259.3 33.2 133.8 286.5 112.4 274.3
P2714 0.668203115463 1351.0 843.6 1375.6 894.8 1358.2 903.4 1333.6 852.3
P2714 0.549352645874 2206.2 820.2 2218.9 833.1 2189.4 863.6 2176.7 850.7
P2714 0.542213857174 3814.4 565.6 3834.0 567.1 3828.3 615.3 3808.7 613.7
P2714 0.502629578114 1311.5 848.9 1334.3 904.4 1325.2 907.6 1302.3 852.1
P2714 0.48085385561 863.4 831.7 876.6 839.3 854.5 876.9 841.3 869.4
P2714 0.474414855242 1110.9 2070.6 1115.8 2094.7 1101.7 2097.7 1096.8 2073.6
P2714 0.469622313976 810.8 2375.1 820.7 2378.0 811.8 2408.6 801.9 2405.7
P2714 0.460725307465 1397.0 2036.4 1401.2 2057.8 1390.7 2059.3 1386.4 2037.9
P2714 0.432955414057 4292.2 709.3 4301.9 712.1 4292.0 743.2 4282.3 740.4
P2714 0.399347394705 3519.8 859.7 3530.2 862.5 3524.2 880.1 3513.7 877.3
P2714 0.382002979517 1782.1 765.0 1790.5 822.1 1781.7 822.5 1773.4 765.4
P2714 0.363856047392 2135.3 683.2 2157.5 687.6 2155.6 697.8 2133.5 693.4
P2714 0.361717760563 689.8 2140.0 706.8 2153.6 690.6 2171.8 673.7 2158.3
P2714 0.333759754896 2981.6 1226.6 2991.6 1233.4 2982.0 1261.4 2972.0 1254.4
P2714 0.315942198038 3410.8 596.4 3421.2 604.8 3394.4 644.4 3384.0 636.0
P2714 0.306962639093 2027.9 662.6 2146.7 686.9 2136.3 734.2 2017.6 709.9
P2714 0.305012077093 3633.8 2231.6 3675.3 2233.8 3674.0 2249.3 3632.4 2247.1
P2714 0.282109826803 3784.0 2088.4 3791.6 2089.6 3771.8 2146.4 3764.2 2145.0
P2714 0.281256824732 3305.6 1366.3 3319.4 1369.4 3314.3 1389.3 3300.5 1386.2
P2714 0.256086319685 3483.4 453.4 3494.0 463.0 3480.1 477.9 3469.6 468.3
P2714 0.253047227859 2349.8 1644.0 2349.8 1680.2 2331.8 1680.2 2331.8 1644.0
P2714 0.25126606226 2946.6 1190.6 2952.9 1234.1 2929.8 1237.2 2923.5 1193.8
P2714 0.249742031097 2338.6 1630.7 2344.1 1644.2 2336.4 1646.0 2331.0 1632.5
P2714 0.22669762373 2885.7 2222.5 2885.7 2240.4 2854.8 2240.4 2854.8 2222.5
P2714 0.222643241286 1136.2 2203.8 1136.2 2227.2 1115.7 2227.2 1115.7 2203.8
P2714 0.221169784665 2239.7 700.9 2239.7 718.0 2220.4 718.0 2220.4 700.9
P2714 0.214752241969 4283.2 1056.4 4296.9 1061.2 4291.3 1076.6 4277.6 1071.8
P2714 0.209059625864 3766.1 844.1 3789.3 845.5 3782.5 927.9 3759.3 926.4
P2714 0.205517962575 2243.1 702.9 2267.1 709.0 2264.7 718.0 2240.7 711.9
P2714 0.201549500227 3090.0 1008.0 3112.7 1022.8 3058.6 1099.9 3035.9 1085.1
P2714 0.19703938067 672.4 2125.0 691.6 2142.8 679.2 2157.8 659.8 2140.0
P2714 0.196602225304 328.0 1170.8 338.0 1196.2 320.6 1202.8 310.6 1177.2
P2714 0.195596456528 1601.1 813.9 1601.1 854.5 1578.8 854.5 1578.8 813.9
P2718 0.527237415314 2390.1 238.0 2390.1 261.3 2374.9 261.3 2374.9 238.0
P2718 0.476069152355 2490.8 1025.3 2500.8 1045.2 2489.3 1050.6 2479.3 1030.7
P2718 0.330043047667 1884.9 2330.6 1915.3 2337.4 1911.4 2349.8 1880.9 2343.0
P2718 0.282856822014 807.5 606.1 811.0 634.8 797.2 636.5 793.7 607.8
P2718 0.278113126755 2691.6 589.2 2691.6 600.0 2664.4 600.0 2664.4 589.2
P2718 0.270736783743 2113.8 459.8 2126.0 487.0 2115.8 492.0 2103.4 465.0
P2718 0.262016832829 1983.1 1833.9 1984.9 1846.0 1956.5 1851.0 1954.8 1839.0
P2718 0.258757948875 1789.4 593.8 1806.6 662.3 1790.5 666.5 1773.4 598.0
P2718 0.254507541656 1988.5 1725.7 2022.5 1788.5 1991.1 1806.4 1957.1 1743.6
P2718 0.242716059089 2648.6 915.8 2648.6 936.8 2611.5 936.8 2611.5 915.8
P2718 0.229917645454 3936.0 1893.3 3957.1 1896.7 3948.0 1950.3 3926.9 1946.9
P2718 0.198586598039 2222.2 1452.7 2222.2 1462.3 2205.7 1462.3 2205.7 1452.7
P2721 0.53940141201 1998.4 1392.0 2031.8 1411.0 2026.4 1422.6 1993.0 1403.6
P2721 0.465296953917 3808.4 190.8 3850.4 199.6 3846.4 217.6 3804.4 208.6
P2721 0.457232773304 3109.4 1166.4 3124.9 1169.2 3116.8 1205.9 3101.3 1203.1
P2721 0.430523008108 2901.6 1090.2 2922.3 1091.9 2919.1 1137.9 2898.4 1136.2
P2721 0.394302040339 4045.6 162.8 4067.9 197.4 4060.5 201.9 4038.1 167.3
P2721 0.323102355003 1982.2 1560.1 1997.9 1596.5 1981.0 1604.0 1965.3 1567.7
P2721 0.303563058376 1595.0 2168.9 1602.7 2197.1 1576.7 2205.5 1569.0 2177.3
P2721 0.269944518805 1566.2 2230.2 1571.2 2259.4 1550.4 2263.2 1545.3 2234.0
P2721 0.228316292167 1990.4 1764.4 1998.0 1779.6 1989.9 1784.4 1982.2 1769.1
P2721 0.213477686048 3185.0 1398.3 3201.5 1420.5 3187.6 1429.0 3171.1 1406.8
P2721 0.204655066133 4435.8 1785.2 4444.3 1791.7 4430.6 1811.4 4422.2 1804.9
P2721 0.200970649719 2417.4 1301.8 2428.4 1313.4 2407.2 1332.2 2396.2 1320.6
P2721 0.195334360003 1415.3 2393.3 1428.6 2407.1 1423.3 2412.1 1410.0 2398.2
P2721 0.183238789439 2422.4 1320.4 2430.6 1329.8 2402.8 1352.6 2394.8 1343.2
P2722 0.450142532587 2655.0 1814.6 2685.0 1826.0 2681.2 1835.8 2651.2 1824.4
P2722 0.44800439477 3314.6 1454.9 3326.2 1488.1 3314.0 1492.5 3302.4 1459.3
P2722 0.416854500771 1542.2 1816.5 1579.1 1826.7 1573.7 1844.1 1536.9 1833.9
P2722 0.41400077939 2298.1 633.3 2307.0 644.5 2289.6 658.5 2280.8 647.3
P2722 0.39864847064 3909.7 1374.6 3931.5 1422.0 3916.3 1429.3 3894.5 1381.9
P2722 0.38892993331 1117.2 522.5 1119.7 535.7 1078.1 547.0 1075.6 533.8
P2722 0.384469747543 2490.0 1872.8 2499.4 1881.2 2475.6 1911.2 2466.2 1902.8
P2722 0.375158250332 1107.1 867.6 1112.6 881.9 1080.2 895.1 1074.7 880.8
P2722 0.368724018335 1774.4 1784.2 1795.2 1818.2 1784.6 1823.0 1763.8 1789.0
P2722 0.354321181774 1422.8 1320.7 1429.2 1326.2 1412.1 1347.1 1405.8 1341.6
P2722 0.307798177004 1280.1 1037.7 1282.0 1050.3 1244.1 1055.7 1242.2 1043.1
P2722 0.285833418369 1531.9 1466.0 1549.2 1471.5 1536.4 1498.4 1519.0 1493.0
P2722 0.282357186079 1082.8 852.2 1093.8 871.0 1070.6 882.2 1059.6 863.4
P2722 0.255721867085 3425.0 1414.1 3429.5 1452.7 3419.1 1454.1 3414.6 1415.5
P2722 0.2536470294 2175.4 199.8 2175.4 226.0 2104.6 226.0 2104.6 199.8
P2722 0.234577342868 2203.7 386.3 2215.3 406.9 2153.0 442.3 2141.4 421.7
P2722 0.213491126895 566.9 121.3 566.9 129.1 533.7 129.1 533.7 121.3
P2722 0.19443359971 2839.5 1503.5 2846.3 1509.8 2836.1 1525.0 2829.3 1518.8
P2722 0.184522017837 1208.8 1472.5 1217.3 1486.5 1212.2 1489.5 1203.8 1475.5
P2722 0.182637199759 380.2 1070.1 387.1 1093.3 311.9 1117.1 305.0 1093.9
P2724 0.516491353512 338.2 2231.5 338.2 2244.3 297.9 2244.3 297.9 2231.5
P2724 0.467414319515 2096.2 1819.0 2106.0 1849.6 2088.2 1853.8 2078.4 1823.0
P2724 0.44865834713 898.0 303.8 931.4 371.0 916.4 378.4 883.0 311.2
P2724 0.427074253559 298.6 380.8 312.7 417.8 299.3 422.8 285.2 385.9
P2724 0.347461819649 83.7 1625.0 108.4 1636.0 105.1 1641.8 80.4 1630.8
P2724 0.32681119442 3390.9 1523.2 3428.7 1573.9 3413.2 1584.8 3375.4 1534.1
P2724 0.296700030565 409.8 344.0 414.7 385.8 403.2 387.8 398.3 346.0
P2724 0.265814036131 1743.8 2200.2 1759.6 2236.0 1739.9 2243.7 1724.2 2207.9
P2724 0.259092777967 1905.8 2404.7 1917.9 2433.2 1867.1 2455.6 1855.0 2427.2
P2724 0.240510672331 1861.8 2421.6 1869.6 2450.2 1811.0 2462.8 1803.0 2434.2
P2724 0.225492015481 134.2 2256.6 142.4 2273.7 70.5 2307.5 62.3 2290.4
P2724 0.218642726541 1684.4 615.2 1684.4 635.8 1672.9 635.8 1672.9 615.2
P2724 0.200764134526 2422.9 1625.5 2422.9 1658.8 2405.7 1658.8 2405.7 1625.5
P2724 0.187778159976 4466.2 2154.5 4466.2 2170.8 4403.8 2170.8 4403.8 2154.5
P2733 0.516030311584 1613.9 1501.2 1613.9 1512.2 1502.1 1512.2 1502.1 1501.2
P2733 0.234251022339 397.8 639.2 413.0 667.7 398.6 675.8 383.4 647.3
P2733 0.223650693893 498.6 156.0 509.7 177.9 497.9 183.2 486.8 161.3
P2745 0.602370262146 551.9 2245.5 558.3 2268.6 500.6 2285.6 494.1 2262.5
P2745 0.553937494755 363.5 2190.6 377.4 2234.4 351.5 2243.1 337.7 2199.3
P2754 0.21156655252 1150.8 3066.0 1177.8 3079.0 1172.9 3090.6 1145.9 3077.6
P2758 0.41137444973 6056.6 15.8 6056.6 152.6 5615.2 152.6 5615.2 15.8
P2758 0.372070848942 6060.8 18.9 6060.8 121.1 5999.6 121.1 5999.6 18.9
P2758 0.354573756456 6017.9 486.2 6021.9 500.5 5698.9 598.7 5694.8 584.5
P2758 0.294743001461 251.7 3486.8 267.5 3497.9 191.8 3612.8 175.9 3601.7
P2758 0.271450191736 1640.8 -6.8 1682.4 11.0 1616.6 141.2 1574.8 123.4
P2758 0.256059020758 1561.2 -6.4 1586.8 9.8 1535.8 95.0 1510.2 78.8
P2758 0.218916520476 6027.7 502.6 6027.7 517.3 5999.7 517.3 5999.7 502.6
P2766 0.291039943695 2590.3 2038.1 2590.3 2052.9 2541.8 2052.9 2541.8 2038.1
P2766 0.284994333982 2424.4 3122.6 2580.2 3195.4 2575.8 3205.2 2420.0 3132.4
P2766 0.267591655254 2854.2 2553.4 2854.2 2569.7 2790.0 2569.7 2790.0 2553.4
P2766 0.258618205786 3369.0 4999.2 3404.2 5104.8 3376.2 5113.6 3341.2 5008.0
P2766 0.229923725128 1241.3 5391.0 1286.3 5416.1 1275.1 5436.5 1230.1 5411.4
P2766 0.224109962583 2138.4 2914.0 2185.0 2939.3 2178.0 2953.2 2131.4 2928.0
P2766 0.213599979877 2328.0 3310.2 2345.2 3320.0 2302.2 3385.2 2285.2 3375.4
P2766 0.210562825203 1310.4 3740.9 1310.4 3790.8 1295.0 3790.8 1295.0 3740.9
P2766 0.204095706344 1935.3 5132.0 1972.9 5152.0 1964.6 5168.9 1927.0 5148.9
P2766 0.197841450572 1641.8 3804.1 1683.3 3825.3 1675.2 3840.4 1633.7 3819.2
P2766 0.191413611174 5008.0 4326.6 5096.5 4342.2 5091.6 4365.2 5003.2 4349.7
P2768 0.229958713055 682.1 1011.7 703.1 1012.5 697.4 1096.5 676.4 1095.7
